grasp_pose,operation,secs,nsecs,fx,fy,fz,tx,ty,tz
"[-0.009999999999999998, -0.0049999999999999975, 0.035, 0.010000000000000005, 0.0050000000000000044, 0.17]",grasping,25331,390004701,0.012491577019220323,-0.11257001504954456,-0.0769392184679214,-0.10274268214320581,-0.26219077522236195,0.3190070478936764
"[-0.009999999999999998, -0.0049999999999999975, 0.035, 0.010000000000000005, 0.0050000000000000044, 0.17]",grasping,25331,394004701,0.019285341715589155,-0.111357164406229,-0.061469047918138564,-0.10279053729608179,-0.2619887084156475,0.3189774536627277
"[-0.009999999999999998, -0.0049999999999999975, 0.035, 0.010000000000000005, 0.0050000000000000044, 0.17]",grasping,25331,398004701,0.0025125590978868906,-0.02531543424685001,0.007697961395182418,-1.4254103043174824,-0.0006286884115269953,-0.006202310860485505
"[-0.009999999999999998, -0.0049999999999999975, 0.035, 0.010000000000000005, 0.0050000000000000044, 0.17]",grasping,25331,402004701,0.005437042613122611,-0.024786878118826294,0.014357380573514433,-1.4254316116142258,-0.0005416741709310113,-0.006212638529828007
"[-0.009999999999999998, -0.0049999999999999975, 0.035, 0.010000000000000005, 0.0050000000000000044, 0.17]",grasping,25331,406004701,-0.20771250336771774,-4.920547235199789,-4.822855243942648,-0.988410648867519,-0.03539070366759223,-0.6013571274430609
"[-0.009999999999999998, -0.0049999999999999975, 0.035, 0.010000000000000005, 0.0050000000000000044, 0.17]",grasping,25331,410004701,-0.20461325684685677,-6.598192856936116,-4.769001646657834,-0.9470834164904605,-0.019001114287492696,-0.5413666199647844
"[-0.009999999999999998, -0.0049999999999999975, 0.035, 0.010000000000000005, 0.0050000000000000044, 0.17]",grasping,25331,414004701,-0.20753122960516895,-6.6900154815867605,-4.830062119966248,-0.941046063602425,-0.020032227110564252,-0.5423868279482457
"[-0.009999999999999998, -0.0049999999999999975, 0.035, 0.010000000000000005, 0.0050000000000000044, 0.17]",grasping,25331,418004701,-0.2091427777585803,-6.732888318990843,-4.856777770009483,-0.936771258507333,-0.0210068732303849,-0.5408472741019322
"[-0.009999999999999998, -0.0049999999999999975, 0.035, 0.010000000000000005, 0.0050000000000000044, 0.17]",grasping,25331,422004701,-0.20983409567726058,-6.757658417083366,-4.873611535033374,-0.9358463795650195,-0.021918831623273086,-0.5398264659498525
"[-0.009999999999999998, -0.0049999999999999975, 0.035, 0.010000000000000005, 0.0050000000000000044, 0.17]",grasping,25331,426004701,-0.21077526131113855,-6.7800366260601335,-4.887733016515853,-0.9330847520280056,-0.022786547846248284,-0.5384673387940707
"[-0.009999999999999998, -0.0049999999999999975, 0.035, 0.010000000000000005, 0.0050000000000000044, 0.17]",grasping,25331,430004701,-0.21307755634356867,-6.858319141151717,-4.944435646452426,-0.9294133919271246,-0.026145716034660232,-0.5381556184818995
"[-0.009999999999999998, -0.0049999999999999975, 0.035, 0.010000000000000005, 0.0050000000000000044, 0.17]",grasping,25331,434004701,-0.21317783545204316,-6.8596116214083445,-4.943704430700555,-0.9289020332624836,-0.026197409318398118,-0.5376989497337539
"[-0.009999999999999998, -0.0049999999999999975, 0.035, 0.010000000000000005, 0.0050000000000000044, 0.17]",grasping,25331,438004701,-0.21439530558661013,-6.965288515636878,-4.967726445103644,-0.9239401735667082,-0.027446108361360508,-0.5339960209947106
"[-0.009999999999999998, -0.0049999999999999975, 0.035, 0.010000000000000005, 0.0050000000000000044, 0.17]",grasping,25331,442004701,-0.21675402231417012,-7.025962021530079,-5.0203866581,-0.9208232663951141,-0.031017297851408207,-0.5384663883398488
"[-0.009999999999999998, -0.0049999999999999975, 0.035, 0.010000000000000005, 0.0050000000000000044, 0.17]",grasping,25331,446004701,-0.21744389994557445,-7.073737228926138,-5.038915410124011,-0.9203739751316752,-0.03184586423975086,-0.5342394019346333
"[-0.009999999999999998, -0.0049999999999999975, 0.035, 0.010000000000000005, 0.0050000000000000044, 0.17]",grasping,25331,450004701,-0.2194804077591273,-7.063359511978255,-5.080092628009147,-0.9194967777440464,-0.03473017789066017,-0.5385191388634298
"[-0.009999999999999998, -0.0049999999999999975, 0.035, 0.010000000000000005, 0.0050000000000000044, 0.17]",grasping,25331,454004701,-0.21953725160204002,-7.076200704657365,-5.085531547019995,-0.9205717409729969,-0.034718570297471885,-0.5338480912814946
"[-0.009999999999999998, -0.0049999999999999975, 0.035, 0.010000000000000005, 0.0050000000000000044, 0.17]",grasping,25331,458004701,-0.22066364121035043,-7.056357474753892,-5.106849692495047,-0.9201295477823267,-0.036370854421372556,-0.5380444385961157
"[-0.009999999999999998, -0.0049999999999999975, 0.035, 0.010000000000000005, 0.0050000000000000044, 0.17]",grasping,25331,462004701,-0.21978501529362326,-7.069816839464527,-5.091490438863401,-0.9212046248467762,-0.035084556813904294,-0.5334906855746965
"[-0.009999999999999998, -0.0049999999999999975, 0.035, 0.010000000000000005, 0.0050000000000000044, 0.17]",grasping,25331,466004701,-0.2193031939238433,-7.0725782086284905,-5.080750697722074,-0.9212861132483113,-0.03443529015721679,-0.533529466223441
"[-0.009999999999999998, -0.0049999999999999975, 0.035, 0.010000000000000005, 0.0050000000000000044, 0.17]",grasping,25331,470004701,-0.21819765748112757,-6.950991662841397,-5.0534666688301435,-0.925210489440984,-0.03301548396818113,-0.53710478695084
"[-0.009999999999999998, -0.0049999999999999975, 0.035, 0.010000000000000005, 0.0050000000000000044, 0.17]",grasping,25331,474004701,-0.21729894412945322,-6.978443314196128,-5.032433142752106,-0.9240618496624597,-0.031776890614503006,-0.5373443229586882
"[-0.009999999999999998, -0.0049999999999999975, 0.035, 0.010000000000000005, 0.0050000000000000044, 0.17]",grasping,25331,478004701,-0.21617243458305596,-7.126799920290271,-5.013273615546332,-0.9209479474860754,-0.03003294215153532,-0.5298657349242148
"[-0.009999999999999998, -0.0049999999999999975, 0.035, 0.010000000000000005, 0.0050000000000000044, 0.17]",grasping,25331,482004701,-0.2150873878467417,-6.8905408801106365,-4.997510272842739,0.49799552915989553,-0.028947813024623945,-0.5313969352242442
"[-0.009999999999999998, -0.0049999999999999975, 0.035, 0.010000000000000005, 0.0050000000000000044, 0.17]",grasping,25331,486004701,-0.2147970385666046,-6.954174873312195,-4.979825952785516,-0.927444728558499,-0.028236551236152804,-0.5333095751275132
"[-0.009999999999999998, -0.0049999999999999975, 0.035, 0.010000000000000005, 0.0050000000000000044, 0.17]",grasping,25331,490004701,-0.21504721852990671,-6.929807625527925,-4.981100375724335,-0.9273732750069545,-0.028678220517408995,-0.5379045021400632
"[-0.009999999999999998, -0.0049999999999999975, 0.035, 0.010000000000000005, 0.0050000000000000044, 0.17]",grasping,25331,494004701,-0.21391122190940098,-6.93728072012761,-4.959534426602628,-0.9289375163318849,-0.02700975751012824,-0.5334594702809776
"[-0.009999999999999998, -0.0049999999999999975, 0.035, 0.010000000000000005, 0.0050000000000000044, 0.17]",grasping,25331,498004701,-0.21401549973408018,-7.053635112006018,-4.964427561336887,-0.9258993624644243,-0.027046046895250878,-0.5300087382581219
"[-0.009999999999999998, -0.0049999999999999975, 0.035, 0.010000000000000005, 0.0050000000000000044, 0.17]",grasping,25331,503004701,-0.21345005730235322,-6.813205569677841,-4.960454527121671,0.49272550404404314,-0.026684378337794884,-0.5312804270834437
"[-0.009999999999999998, -0.0049999999999999975, 0.035, 0.010000000000000005, 0.0050000000000000044, 0.17]",grasping,25331,506004701,-0.21417954112744142,-6.864489876713147,-4.961716943165891,-0.9318429158516386,-0.027474744857675718,-0.5375317781890342
"[-0.009999999999999998, -0.0049999999999999975, 0.035, 0.010000000000000005, 0.0050000000000000044, 0.17]",grasping,25331,510004701,-0.21513357151257267,-6.967195574640692,-4.981842632965694,-0.9279305267293058,-0.028793427932029617,-0.5385115873177019
"[-0.009999999999999998, -0.0049999999999999975, 0.035, 0.010000000000000005, 0.0050000000000000044, 0.17]",grasping,25331,514004701,-0.21404860122384733,-6.826487855348756,-4.959441762893022,-0.9345773797570073,-0.02729763067359002,-0.5373984652995288
"[-0.009999999999999998, -0.0049999999999999975, 0.035, 0.010000000000000005, 0.0050000000000000044, 0.17]",grasping,25331,518004701,-0.21343111365006712,-6.9989208531550915,-4.95185600393612,-0.9305033577792344,-0.026229469661803895,-0.5292334273836301
"[-0.009999999999999998, -0.0049999999999999975, 0.035, 0.010000000000000005, 0.0050000000000000044, 0.17]",grasping,25331,522004701,-0.21295251410867178,-6.803582737838091,-4.948966632060243,0.4900698527535283,-0.0259723515093975,-0.5310682903097971
"[-0.009999999999999998, -0.0049999999999999975, 0.035, 0.010000000000000005, 0.0050000000000000044, 0.17]",grasping,25331,526004701,0.2221923945389111,-6.446395010731303,-2.7842434041963475,-1.056759942391651,-0.03221643729252534,-0.5205913132455126
"[-0.009999999999999998, -0.0049999999999999975, 0.035, 0.010000000000000005, 0.0050000000000000044, 0.17]",grasping,25331,530004701,-0.6273396386207333,-6.292635761989024,-4.741831862031228,-0.9920346580966929,-0.08711822950460614,-0.5431382998530045
"[-0.009999999999999998, -0.0049999999999999975, 0.035, 0.010000000000000005, 0.0050000000000000044, 0.17]",grasping,25331,534004701,-0.5187923170759892,-6.259137795891457,-4.856637370301602,-0.9903543687474693,-0.07040500493973911,-0.5376249885573329
"[-0.009999999999999998, -0.0049999999999999975, 0.035, 0.010000000000000005, 0.0050000000000000044, 0.17]",grasping,25331,538004701,-0.45435449030127173,-6.626626163746081,-5.213117835778991,-0.9652447390150475,-0.06152969283586637,-0.5281169280242988
"[-0.009999999999999998, -0.0049999999999999975, 0.035, 0.010000000000000005, 0.0050000000000000044, 0.17]",grasping,25331,542004701,-0.5154644543183591,-6.698115301922094,-5.258171762092745,0.4652027025861103,-0.06889990184254627,-0.5346934455853644
"[-0.009999999999999998, -0.0049999999999999975, 0.035, 0.010000000000000005, 0.0050000000000000044, 0.17]",grasping,25331,546004701,-0.5353178365757112,-6.784265158419097,-5.256772063101664,-0.9610023106128862,-0.07029807947964786,-0.537586850448197
"[-0.009999999999999998, -0.0049999999999999975, 0.035, 0.010000000000000005, 0.0050000000000000044, 0.17]",grasping,25331,550004701,-0.5870522665579962,-6.632005730160864,-5.112417180628565,-0.9746182797684434,-0.08127532019202417,-0.5426524504509115
"[-0.009999999999999998, -0.0049999999999999975, 0.035, 0.010000000000000005, 0.0050000000000000044, 0.17]",grasping,25331,554004701,-0.5170784529470618,-6.646106275452324,-5.230142713925051,-0.9740587925898609,-0.08105704654270526,-0.5347895996573633
"[-0.009999999999999998, -0.0049999999999999975, 0.035, 0.010000000000000005, 0.0050000000000000044, 0.17]",grasping,25331,558004701,-0.5734665158642547,-6.625601559298894,-5.0761404696222385,-0.984627940007994,-0.0920631207640459,-0.5361089329656061
"[-0.009999999999999998, -0.0049999999999999975, 0.035, 0.010000000000000005, 0.0050000000000000044, 0.17]",grasping,25331,562004701,-0.6621978010097704,-6.553531466350286,-4.724894026304101,0.41853515350832926,-0.11304801688660407,-0.5370720573906289
"[-0.009999999999999998, -0.0049999999999999975, 0.035, 0.010000000000000005, 0.0050000000000000044, 0.17]",grasping,25331,566004701,-0.6842067337655977,-6.389787385485892,-4.618602400339391,-1.021673255491648,-0.11881661977407462,-0.5414752988238638
"[-0.009999999999999998, -0.0049999999999999975, 0.035, 0.010000000000000005, 0.0050000000000000044, 0.17]",grasping,25331,570004701,-0.6839096043083358,-6.292960433018862,-4.398065421436447,-1.0388522937646962,-0.12422034208210232,-0.5395026556061848
"[-0.009999999999999998, -0.0049999999999999975, 0.035, 0.010000000000000005, 0.0050000000000000044, 0.17]",grasping,25331,574004701,-0.679030559361139,-6.228430246780756,-4.211248502770346,-1.0528722825750099,-0.1280636706150574,-0.5377826133182848
"[-0.009999999999999998, -0.0049999999999999975, 0.035, 0.010000000000000005, 0.0050000000000000044, 0.17]",grasping,25331,578004701,-0.6823856001897803,-6.234042533742476,-4.099016025782856,-1.0599164216671917,-0.13075436112817815,-0.5367228747320498
"[-0.009999999999999998, -0.0049999999999999975, 0.035, 0.010000000000000005, 0.0050000000000000044, 0.17]",grasping,25331,582004701,-0.5675565445287702,-6.340039378050888,-4.085991452007219,-1.0616884729047322,-0.1369217797437538,-0.5335997417957038
"[-0.009999999999999998, -0.0049999999999999975, 0.035, 0.010000000000000005, 0.0050000000000000044, 0.17]",grasping,25331,586004701,-0.5468443970523876,-6.113277194047994,-3.9481703100773213,0.3466224087259918,-0.1356423123433495,-0.5238333961393821
"[-0.009999999999999998, -0.0049999999999999975, 0.035, 0.010000000000000005, 0.0050000000000000044, 0.17]",grasping,25331,590004701,-0.5485831224803053,-6.194333293087401,-3.8906147711415446,-1.0818753227429376,-0.13816708168178066,-0.5253736117342953
"[-0.009999999999999998, -0.0049999999999999975, 0.035, 0.010000000000000005, 0.0050000000000000044, 0.17]",grasping,25331,594004701,-0.5391386158974878,-6.182054469411431,-3.7166010162889602,-1.091456836679589,-0.14291576744655515,-0.5292648186615537
"[-0.009999999999999998, -0.0049999999999999975, 0.035, 0.010000000000000005, 0.0050000000000000044, 0.17]",grasping,25331,598004701,-0.535295738841143,-6.183542085524913,-3.6114173111310635,-1.0995690584939266,-0.14555578472649688,-0.5241848288678391
"[-0.009999999999999998, -0.0049999999999999975, 0.035, 0.010000000000000005, 0.0050000000000000044, 0.17]",grasping,25331,602004701,-0.5268529454863538,-6.160859222811499,-3.4541932182193644,-1.110041163672025,-0.1493626239725636,-0.5233055731222097
"[-0.009999999999999998, -0.0049999999999999975, 0.035, 0.010000000000000005, 0.0050000000000000044, 0.17]",grasping,25331,606004701,-0.5187418758544438,-6.241897195705331,-3.279495086587888,-1.1191743163077075,-0.15432321214175998,-0.5188176946957754
"[-0.009999999999999998, -0.0049999999999999975, 0.035, 0.010000000000000005, 0.0050000000000000044, 0.17]",grasping,25331,610004701,-0.49933021298060765,-5.980033751948847,-3.017579552495566,-1.1423955141645983,-0.15990662560360197,-0.5246217879440612
"[-0.009999999999999998, -0.0049999999999999975, 0.035, 0.010000000000000005, 0.0050000000000000044, 0.17]",grasping,25331,614004701,-0.237427695924735,-5.920647202884611,-3.029983203432794,-1.1488063539910207,-0.15041157877212163,-0.5134629201399368
"[-0.009999999999999998, -0.0049999999999999975, 0.035, 0.010000000000000005, 0.0050000000000000044, 0.17]",grasping,25331,618004701,-0.2221536536416424,-5.909866866244529,-2.9030625866099964,-1.1585696795753981,-0.15272296597507912,-0.5075431390842923
"[-0.009999999999999998, -0.0049999999999999975, 0.035, 0.010000000000000005, 0.0050000000000000044, 0.17]",grasping,25331,622004701,-0.20673459674557,-5.782915387381424,-2.7722431454767467,-1.1701516213112606,-0.15534702873347672,-0.5098967349449564
"[-0.009999999999999998, -0.0049999999999999975, 0.035, 0.010000000000000005, 0.0050000000000000044, 0.17]",grasping,25331,626004701,-0.18625784684366775,-5.884503148659233,-2.582872701402975,-1.1777423260695614,-0.16033453606208165,-0.5100162225779771
"[-0.009999999999999998, -0.0049999999999999975, 0.035, 0.010000000000000005, 0.0050000000000000044, 0.17]",grasping,25331,630004701,-0.16962535203049445,-5.8343687963437345,-2.4290978083948147,-1.1895637768461509,-0.16416950506859596,-0.5086379361996975
"[-0.009999999999999998, -0.0049999999999999975, 0.035, 0.010000000000000005, 0.0050000000000000044, 0.17]",grasping,25331,634004701,-0.1295828755320818,-5.781928489879941,-2.1098146288214394,0.2156092150459701,-0.17011034063291675,-0.5008331862026443
"[-0.009999999999999998, -0.0049999999999999975, 0.035, 0.010000000000000005, 0.0050000000000000044, 0.17]",grasping,25331,638004701,-0.11467199868233247,-5.725907619656054,-1.9591310935304165,-1.2229200897586712,-0.1747840003629973,-0.505046590199038
"[-0.009999999999999998, -0.0049999999999999975, 0.035, 0.010000000000000005, 0.0050000000000000044, 0.17]",grasping,25331,642004701,-0.08134711902482095,-5.535677055103587,-1.6904043466366527,0.1794092427498525,-0.1793115076811822,-0.4951044474465658
"[-0.009999999999999998, -0.0049999999999999975, 0.035, 0.010000000000000005, 0.0050000000000000044, 0.17]",grasping,25331,646004701,-0.07509822011570877,-5.441507097060491,-1.6196859697219805,-1.2555624681411366,-0.18137672048666154,-0.498951182529035
"[-0.009999999999999998, -0.0049999999999999975, 0.035, 0.010000000000000005, 0.0050000000000000044, 0.17]",grasping,25331,650004701,0.23670359292954363,-5.635864676660943,-1.6209411797973576,-1.2531277229340207,-0.1711655183310425,-0.48070036143325623
"[-0.009999999999999998, -0.0049999999999999975, 0.035, 0.010000000000000005, 0.0050000000000000044, 0.17]",grasping,25331,654004701,0.28126099496075685,-5.606790461522231,-1.4218626434113517,-1.2646702612937997,-0.17216417826107983,-0.48275568502824795
"[-0.009999999999999998, -0.0049999999999999975, 0.035, 0.010000000000000005, 0.0050000000000000044, 0.17]",grasping,25331,658004701,0.3047916577654256,-5.4456328205876465,-1.2819586369078033,-1.278341936561452,-0.1747446536159416,-0.4846042951297905
"[-0.009999999999999998, -0.0049999999999999975, 0.035, 0.010000000000000005, 0.0050000000000000044, 0.17]",grasping,25331,662004701,0.31436667068730306,-5.4879558728127815,-1.2187390953003554,-1.2823823819401041,-0.17632186519114285,-0.4794380276804748
"[-0.009999999999999998, -0.0049999999999999975, 0.035, 0.010000000000000005, 0.0050000000000000044, 0.17]",grasping,25331,666004701,0.3358057610568206,-5.506490171580817,-1.0912638233942733,-1.2893619168638455,-0.17890103785891326,-0.47888671667110405
"[-0.009999999999999998, -0.0049999999999999975, 0.035, 0.010000000000000005, 0.0050000000000000044, 0.17]",grasping,25331,670004701,0.37365466358553345,-5.558670084272505,-0.8544443731294029,-1.3003528066036258,-0.1848728655881885,-0.48304076039756844
"[-0.009999999999999998, -0.0049999999999999975, 0.035, 0.010000000000000005, 0.0050000000000000044, 0.17]",grasping,25331,674004701,0.4056559392653998,-5.322794486754587,-0.6742857066650814,-1.3208348277205475,-0.18714952580365785,-0.4792347256150442
"[-0.009999999999999998, -0.0049999999999999975, 0.035, 0.010000000000000005, 0.0050000000000000044, 0.17]",grasping,25331,678004701,0.43225032667817664,-5.238453058544669,-0.5134998283313843,0.09204075450127294,-0.18993186780785754,-0.47028543552576957
"[-0.009999999999999998, -0.0049999999999999975, 0.035, 0.010000000000000005, 0.0050000000000000044, 0.17]",grasping,25331,682004701,0.44934190365131255,-5.415280744304963,-0.40654756762715394,-1.3369304801946784,-0.19288060129441748,-0.4682774045418916
"[-0.009999999999999998, -0.0049999999999999975, 0.035, 0.010000000000000005, 0.0050000000000000044, 0.17]",grasping,25331,686004701,0.4895971978623953,-5.1891844104196885,-0.17412404972833517,-1.3569295060628908,-0.1967073765696089,-0.473786329514367
"[-0.009999999999999998, -0.0049999999999999975, 0.035, 0.010000000000000005, 0.0050000000000000044, 0.17]",grasping,25331,690004701,0.519650347023223,-5.104047297546111,0.002080784715442263,0.05512852789928804,-0.19948954537949426,-0.46520914162023463
"[-0.009999999999999998, -0.0049999999999999975, 0.035, 0.010000000000000005, 0.0050000000000000044, 0.17]",grasping,25331,694004701,0.5292482015018831,-5.287409304405587,0.07475828981423671,-1.3719030981254061,-0.20254050821072078,-0.46327826477609635
"[-0.009999999999999998, -0.0049999999999999975, 0.035, 0.010000000000000005, 0.0050000000000000044, 0.17]",grasping,25331,698004701,0.5624584356954325,-5.069679888166603,0.2764603931382901,-1.3903779927996776,-0.20716570676881352,-0.4691107041294788
"[-0.009999999999999998, -0.0049999999999999975, 0.035, 0.010000000000000005, 0.0050000000000000044, 0.17]",grasping,25331,702004701,0.5693770352589872,-5.049086346187428,0.3597911279033159,-1.3974464602312635,-0.2108398294614145,-0.4678651568029354
"[-0.009999999999999998, -0.0049999999999999975, 0.035, 0.010000000000000005, 0.0050000000000000044, 0.17]",grasping,25331,706004701,0.5753225787464701,-5.184181616238941,0.4286857993931221,-1.4004247594191574,-0.2132246635523789,-0.45995490960351937
"[-0.009999999999999998, -0.0049999999999999975, 0.035, 0.010000000000000005, 0.0050000000000000044, 0.17]",grasping,25331,710004701,0.5869306035194931,-4.9767294826294215,0.5656589024747074,-1.4154800577066753,-0.2180772832868101,-0.46684983043755635
"[-0.009999999999999998, -0.0049999999999999975, 0.035, 0.010000000000000005, 0.0050000000000000044, 0.17]",grasping,25331,715004701,0.5969405170034549,-4.960125624829403,0.7161679039795645,-0.0007120283160925722,-0.22421200653418621,-0.4601946153974532
"[-0.009999999999999998, -0.0049999999999999975, 0.035, 0.010000000000000005, 0.0050000000000000044, 0.17]",grasping,25331,718004701,0.6019955066380644,-4.948836820096143,0.8063619083321854,-1.4341541791287924,-0.2285253059891585,-0.4658185025926458
"[-0.009999999999999998, -0.0049999999999999975, 0.035, 0.010000000000000005, 0.0050000000000000044, 0.17]",grasping,25331,722004701,0.6022826275601628,-4.792902557095796,0.8580777469331355,-1.444261863443079,-0.22993371860887146,-0.4633635646453492
"[-0.009999999999999998, -0.0049999999999999975, 0.035, 0.010000000000000005, 0.0050000000000000044, 0.17]",grasping,25331,726004701,0.5963756230841278,-4.868057260187779,0.8627629330994475,-1.443134160959382,-0.23055708382592582,-0.4591251077223515
"[-0.009999999999999998, -0.0049999999999999975, 0.035, 0.010000000000000005, 0.0050000000000000044, 0.17]",grasping,25331,730004701,0.6022440124397531,-4.994813766832808,0.9677240054326681,-1.4435462813050317,-0.23581844067527785,-0.4657798690925593
"[-0.009999999999999998, -0.0049999999999999975, 0.035, 0.010000000000000005, 0.0050000000000000044, 0.17]",grasping,25331,734004702,0.6026894528777816,-4.832140283269853,1.014527283388781,-1.4530440269509406,-0.23652213534934835,-0.4640710762283759
"[-0.009999999999999998, -0.0049999999999999975, 0.035, 0.010000000000000005, 0.0050000000000000044, 0.17]",grasping,25331,738004702,0.6006733213022556,-4.84175796959726,1.05071934417498,-1.454757621882614,-0.23801690414286042,-0.46384865362648386
"[-0.009999999999999998, -0.0049999999999999975, 0.035, 0.010000000000000005, 0.0050000000000000044, 0.17]",grasping,25331,742004702,0.9970743656955129,-4.847393820731149,1.106157355193334,-1.4582337948769608,-0.22930778475982527,-0.44993216241035044
"[-0.009999999999999998, -0.0049999999999999975, 0.035, 0.010000000000000005, 0.0050000000000000044, 0.17]",grasping,25331,746004702,1.0096664503889428,-4.997020820069242,1.0976942331718131,-1.454294318987788,-0.2252972809486033,-0.4419575824001225
"[-0.009999999999999998, -0.0049999999999999975, 0.035, 0.010000000000000005, 0.0050000000000000044, 0.17]",grasping,25331,750004702,1.025975805795114,-4.915846428547843,1.1969860712148224,-1.4615159113907108,-0.22738987199740124,-0.44578795469162674
"[-0.009999999999999998, -0.0049999999999999975, 0.035, 0.010000000000000005, 0.0050000000000000044, 0.17]",grasping,25331,754004702,1.0384899761009931,-4.8163214244684465,1.2824826117499395,-1.4686025571322052,-0.22939560101772322,-0.4489032323777696
"[-0.009999999999999998, -0.0049999999999999975, 0.035, 0.010000000000000005, 0.0050000000000000044, 0.17]",grasping,25331,758004702,1.0410483244793562,-4.758239329678954,1.296341911713209,-0.025551496676302493,-0.22768107215639172,-0.43711591008474737
"[-0.009999999999999998, -0.0049999999999999975, 0.035, 0.010000000000000005, 0.0050000000000000044, 0.17]",grasping,25331,762004702,1.0485542090695423,-4.718180390022223,1.3460482975941606,-0.02717234453531922,-0.22812530269895198,-0.44106968354164044
"[-0.009999999999999998, -0.0049999999999999975, 0.035, 0.010000000000000005, 0.0050000000000000044, 0.17]",grasping,25331,766004702,1.044184854047164,-4.739312942540546,1.3196000439296505,-0.02417717718105425,-0.22553848790615227,-0.4365510789598022
"[-0.009999999999999998, -0.0049999999999999975, 0.035, 0.010000000000000005, 0.0050000000000000044, 0.17]",grasping,25331,770004702,1.0404154575716582,-4.6476060496514675,1.2929635804987871,-0.02219981760703238,-0.22244894686280986,-0.4402523227436281
"[-0.009999999999999998, -0.0049999999999999975, 0.035, 0.010000000000000005, 0.0050000000000000044, 0.17]",grasping,25331,774004702,0.5072405776389567,-4.778882792628439,0.6935798160571149,0.009972093766968892,-0.22472036854579402,-0.45951316848434637
"[-0.009999999999999998, -0.0049999999999999975, 0.035, 0.010000000000000005, 0.0050000000000000044, 0.17]",grasping,25331,778004702,0.4221453012649323,-4.995642787429942,0.21732049486738791,-1.3846944663571212,-0.22984715022296015,-0.4724628553861887
"[-0.009999999999999998, -0.0049999999999999975, 0.035, 0.010000000000000005, 0.0050000000000000044, 0.17]",grasping,25331,782004702,0.42781427244088566,-5.010477363265822,0.23717131534436398,0.043266989943576,-0.2268580920480056,-0.4625086370698296
"[-0.009999999999999998, -0.0049999999999999975, 0.035, 0.010000000000000005, 0.0050000000000000044, 0.17]",grasping,25331,786004702,0.42552297163645947,-4.9752343025916055,0.19644037565875738,0.04751187480639499,-0.22344826354944541,-0.46225140493420436
"[-0.009999999999999998, -0.0049999999999999975, 0.035, 0.010000000000000005, 0.0050000000000000044, 0.17]",grasping,25331,790004702,0.42599344598230215,-4.820834529302314,0.15211921426405706,0.04943919852647802,-0.21821384030941515,-0.46496679698794674
"[-0.009999999999999998, -0.0049999999999999975, 0.035, 0.010000000000000005, 0.0050000000000000044, 0.17]",grasping,25331,794004702,0.4193842495936825,-4.910101958046373,0.03141388083453389,0.06307431775873398,-0.21089139892273367,-0.46084242143013776
"[-0.009999999999999998, -0.0049999999999999975, 0.035, 0.010000000000000005, 0.0050000000000000044, 0.17]",grasping,25331,798004702,0.34790105159013107,-4.979583516519316,1.4046587842127662,0.023994877953898153,-0.19613069228767188,-0.46191764179547445
"[-0.009999999999999998, -0.0049999999999999975, 0.035, 0.010000000000000005, 0.0050000000000000044, 0.17]",grasping,25331,802004702,-0.23748096734067753,-7.872817152617549,-0.13694386777994438,0.34358771854130365,-0.22868755621955128,-0.47393363554829465
"[-0.009999999999999998, -0.0049999999999999975, 0.035, 0.010000000000000005, 0.0050000000000000044, 0.17]",grasping,25331,806004702,-0.27782932459751786,-8.396433771158176,0.03631485062616857,0.4056847903019858,-0.23678078020401389,-0.507487208048831
"[-0.009999999999999998, -0.0049999999999999975, 0.035, 0.010000000000000005, 0.0050000000000000044, 0.17]",grasping,25331,810004702,-0.1933040697606151,-8.435425667311637,-0.02352222900226142,0.40578443459602553,-0.22833067658169537,-0.5128509333160783
"[-0.009999999999999998, -0.0049999999999999975, 0.035, 0.010000000000000005, 0.0050000000000000044, 0.17]",grasping,25331,814004702,0.4483402305844232,-8.444193245164326,0.6426827831987447,0.677222104990312,-0.16634961858403952,-0.5397869836145452
"[-0.009999999999999998, -0.0049999999999999975, 0.035, 0.010000000000000005, 0.0050000000000000044, 0.17]",grasping,25331,818004702,0.7017035415995287,-8.58437747722933,1.5415938818897477,0.7071663248179761,-0.14362224897385817,-0.5432618116943988
"[-0.009999999999999998, -0.0049999999999999975, 0.035, 0.010000000000000005, 0.0050000000000000044, 0.17]",grasping,25331,822004702,0.8440142161601923,-8.712469761248418,2.351724524482936,0.7467232374838734,-0.13765328278426597,-0.5485201905432879
"[-0.009999999999999998, -0.0049999999999999975, 0.035, 0.010000000000000005, 0.0050000000000000044, 0.17]",grasping,25331,826004702,0.9921981544572146,-8.86247709043983,3.271126558124081,-0.6361223508099851,-0.13286773614462016,-0.5604331709281524
"[-0.009999999999999998, -0.0049999999999999975, 0.035, 0.010000000000000005, 0.0050000000000000044, 0.17]",grasping,25331,830004702,1.0902753083547565,-8.964519866970384,3.7343059400852034,0.8225830175334091,-0.12923195481175648,-0.5619479283529611
"[-0.009999999999999998, -0.0049999999999999975, 0.035, 0.010000000000000005, 0.0050000000000000044, 0.17]",grasping,25331,834004702,1.2090635151644826,-8.969459219061571,4.356560829523266,0.8386177521990273,-0.12121051109860982,-0.5660727150643553
"[-0.009999999999999998, -0.0049999999999999975, 0.035, 0.010000000000000005, 0.0050000000000000044, 0.17]",grasping,25331,838004702,1.2384902275613014,-9.232455554448165,4.891917819076205,0.883369497394556,-0.12582358392335768,-0.5618627099961002
"[-0.009999999999999998, -0.0049999999999999975, 0.035, 0.010000000000000005, 0.0050000000000000044, 0.17]",grasping,25331,842004702,1.3857417942387849,-9.227844940529291,5.382583086579686,0.9005887878983939,-0.11480275697785051,-0.5745614352030074
"[-0.009999999999999998, -0.0049999999999999975, 0.035, 0.010000000000000005, 0.0050000000000000044, 0.17]",grasping,25331,846004702,1.394572385067236,-9.49104577893392,5.7971152805805755,0.9420338313145643,-0.120756139316848,-0.5695383111066483
"[-0.009999999999999998, -0.0049999999999999975, 0.035, 0.010000000000000005, 0.0050000000000000044, 0.17]",grasping,25331,850004702,1.4996700710311384,-9.616607813725622,6.136882199987012,0.9695025523183792,-0.11397988833129898,-0.5782224944067268
"[-0.009999999999999998, -0.0049999999999999975, 0.035, 0.010000000000000005, 0.0050000000000000044, 0.17]",grasping,25331,854004702,1.5935837919804956,-9.76299261927381,6.4779679726371455,-0.42781337302751055,-0.10981391634881181,-0.5923275275759518
"[-0.009999999999999998, -0.0049999999999999975, 0.035, 0.010000000000000005, 0.0050000000000000044, 0.17]",grasping,25331,858004702,1.6136272670314353,-9.868885485959403,6.625200143180985,1.0198106882297693,-0.11089829152818671,-0.5877592601442302
"[-0.009999999999999998, -0.0049999999999999975, 0.035, 0.010000000000000005, 0.0050000000000000044, 0.17]",grasping,25331,862004702,1.6733497990311537,-9.872694745295455,6.834149813920044,1.023898667230374,-0.10512793028034075,-0.589471885766847
"[-0.009999999999999998, -0.0049999999999999975, 0.035, 0.010000000000000005, 0.0050000000000000044, 0.17]",grasping,25331,866004702,1.6484058836019062,-10.134403992473008,6.966908951030744,1.05693344446903,-0.11143720054209284,-0.5835020894458343
"[-0.009999999999999998, -0.0049999999999999975, 0.035, 0.010000000000000005, 0.0050000000000000044, 0.17]",grasping,25331,870004702,1.7132360301503509,-10.258724717293948,7.0282765573364046,1.076268528941675,-0.10644946058214282,-0.5916441698938198
"[-0.009999999999999998, -0.0049999999999999975, 0.035, 0.010000000000000005, 0.0050000000000000044, 0.17]",grasping,25331,874004702,1.759769381729341,-10.25647530433234,7.073901844320924,1.0793001295277567,-0.10225025000899425,-0.5969286025607767
"[-0.009999999999999998, -0.0049999999999999975, 0.035, 0.010000000000000005, 0.0050000000000000044, 0.17]",grasping,25331,878004702,1.7131502852245841,-10.517490556073573,7.042386777976249,1.107480733403102,-0.10902281260084686,-0.5905752413349377
"[-0.009999999999999998, -0.0049999999999999975, 0.035, 0.010000000000000005, 0.0050000000000000044, 0.17]",grasping,25331,882004702,1.7899360265090225,-10.510870000015544,6.975781250467065,1.1085353643146947,-0.10063534044835759,-0.6012102867587568
"[-0.009999999999999998, -0.0049999999999999975, 0.035, 0.010000000000000005, 0.0050000000000000044, 0.17]",grasping,25331,886004702,1.7940545109387713,-10.637729923810436,6.831651138215038,1.1205237213652508,-0.10018560898008684,-0.6029180215781236
"[-0.009999999999999998, -0.0049999999999999975, 0.035, 0.010000000000000005, 0.0050000000000000044, 0.17]",grasping,25331,890004702,1.7564874628063092,-10.886210754079238,6.6054480511694,1.1499059349851446,-0.10721153175627222,-0.6049405307735325
"[-0.009999999999999998, -0.0049999999999999975, 0.035, 0.010000000000000005, 0.0050000000000000044, 0.17]",grasping,25331,894004702,1.773253393891261,-11.014664615587165,6.323621675543189,1.1556328547255303,-0.10257590796473152,-0.6073082906333702
"[-0.009999999999999998, -0.0049999999999999975, 0.035, 0.010000000000000005, 0.0050000000000000044, 0.17]",grasping,25331,898004702,1.7423398954373117,-11.146380752750709,6.003334384540338,1.158742222905819,-0.10235354739290957,-0.6038857495470203
"[-0.009999999999999998, -0.0049999999999999975, 0.035, 0.010000000000000005, 0.0050000000000000044, 0.17]",grasping,25331,902004702,1.7478264096748237,-11.141680679745226,5.665934782095904,1.1503265230080233,-0.09879369200623803,-0.6078750683356979
"[-0.009999999999999998, -0.0049999999999999975, 0.035, 0.010000000000000005, 0.0050000000000000044, 0.17]",grasping,25331,906004702,1.7242382837106223,-11.266579918975854,5.248453328062229,1.154109034906315,-0.09846217913032329,-0.6087859313650064
"[-0.009999999999999998, -0.0049999999999999975, 0.035, 0.010000000000000005, 0.0050000000000000044, 0.17]",grasping,25331,910004702,1.6292365535389974,-11.524810016523409,4.780136644570796,1.1691819368969931,-0.10566925421899552,-0.601102710471285
"[-0.009999999999999998, -0.0049999999999999975, 0.035, 0.010000000000000005, 0.0050000000000000044, 0.17]",grasping,25331,914004702,1.6417192465060961,-11.53599926981343,4.160712132560471,-0.2715039085832129,-0.09972693907071155,-0.6157491690517543
"[-0.009999999999999998, -0.0049999999999999975, 0.035, 0.010000000000000005, 0.0050000000000000044, 0.17]",grasping,25331,918004702,1.6266191374083414,-11.78540019621913,3.5321708052107237,-0.25699822338447664,-0.097990618068953,-0.6189300946844996
"[-0.009999999999999998, -0.0049999999999999975, 0.035, 0.010000000000000005, 0.0050000000000000044, 0.17]",grasping,25331,922004702,1.5982585356923598,-11.887190070455524,3.0228039642934075,1.17035573206201,-0.09667361869222714,-0.6131259393628415
"[-0.009999999999999998, -0.0049999999999999975, 0.035, 0.010000000000000005, 0.0050000000000000044, 0.17]",grasping,25331,926004702,1.5610676385256217,-12.028056420608081,2.1392630902294565,-0.26595426275122974,-0.09289013756661076,-0.6196846492045762
"[-0.009999999999999998, -0.0049999999999999975, 0.035, 0.010000000000000005, 0.0050000000000000044, 0.17]",grasping,25331,930004702,1.5476641059694485,-12.006334300940281,1.5957675373865232,1.1413278008776704,-0.08693657530317793,-0.6127799122202036
"[-0.009999999999999998, -0.0049999999999999975, 0.035, 0.010000000000000005, 0.0050000000000000044, 0.17]",grasping,25331,934004702,1.5220171146031665,-12.246459661122312,0.7521962246546678,1.1512040564889396,-0.08456286820405853,-0.6151294948361519
"[-0.009999999999999998, -0.0049999999999999975, 0.035, 0.010000000000000005, 0.0050000000000000044, 0.17]",grasping,25331,938004702,1.4940571772708138,-12.246255345781968,-0.08259116647233622,1.1223816317199422,-0.07706392590260247,-0.61407161850071
"[-0.009999999999999998, -0.0049999999999999975, 0.035, 0.010000000000000005, 0.0050000000000000044, 0.17]",grasping,25331,942004702,1.4434358659267237,-12.362869504397274,-0.9761234280504425,1.1133119135360132,-0.07498631692442208,-0.6138490616265614
"[-0.009999999999999998, -0.0049999999999999975, 0.035, 0.010000000000000005, 0.0050000000000000044, 0.17]",grasping,25331,946004702,1.3558895761500156,-12.618129422963824,-1.946446272888176,1.1109567644722838,-0.07441974469909897,-0.6065415870685734
"[-0.009999999999999998, -0.0049999999999999975, 0.035, 0.010000000000000005, 0.0050000000000000044, 0.17]",grasping,25331,950004702,1.3911216050654809,-12.603465025981475,-2.95245055188047,1.0837385541534346,-0.06081154979844761,-0.6148336119340558
"[-0.009999999999999998, -0.0049999999999999975, 0.035, 0.010000000000000005, 0.0050000000000000044, 0.17]",grasping,25331,954004702,1.3110519464617978,-12.596171999098654,-3.944993286594867,1.054054392816184,-0.05899727886524613,-0.6113329386777959
"[-0.009999999999999998, -0.0049999999999999975, 0.035, 0.010000000000000005, 0.0050000000000000044, 0.17]",grasping,25331,958004702,1.3373162890544341,-12.962278160180281,-5.172084861223382,1.0667502995657592,-0.046812666318721594,-0.6151944698053916
"[-0.009999999999999998, -0.0049999999999999975, 0.035, 0.010000000000000005, 0.0050000000000000044, 0.17]",grasping,25331,962004702,1.2482806613991935,-13.086748511157808,-6.367538446736585,1.043314486112114,-0.04348383132998612,-0.6086559188677271
"[-0.009999999999999998, -0.0049999999999999975, 0.035, 0.010000000000000005, 0.0050000000000000044, 0.17]",grasping,25331,966004702,0.963462698606698,-13.21253631606308,-7.2670729142593,-0.39971173827649054,-0.07071564830566313,-0.6110278169717246
"[-0.009999999999999998, -0.0049999999999999975, 0.035, 0.010000000000000005, 0.0050000000000000044, 0.17]",grasping,25331,970004702,1.3545826104696497,-13.325079508037204,-6.19102841958717,-0.34818852901829467,-0.025056361983431294,-0.6125636333882651
"[-0.009999999999999998, -0.0049999999999999975, 0.035, 0.010000000000000005, 0.0050000000000000044, 0.17]",grasping,25331,974004702,1.097353525300933,-13.43256709364561,-6.918217836813344,-0.36382363692302677,-0.04938560474953177,-0.6099367357021024
"[-0.009999999999999998, -0.0049999999999999975, 0.035, 0.010000000000000005, 0.0050000000000000044, 0.17]",grasping,25331,978004702,0.660490966434932,-13.518902585569005,-7.392470988824977,1.05312515922575,-0.09797661069777333,-0.5871513805131643
"[-0.009999999999999998, -0.0049999999999999975, 0.035, 0.010000000000000005, 0.0050000000000000044, 0.17]",grasping,25331,982004702,0.264995040751484,-13.461494863833838,-7.723400105764128,1.0376544742072504,-0.14713872349648915,-0.5764940678753331
"[-0.009999999999999998, -0.0049999999999999975, 0.035, 0.010000000000000005, 0.0050000000000000044, 0.17]",grasping,25331,986004702,0.1813013429131271,-13.403626252831714,-7.790391325600115,1.0299549443661726,-0.15549773294087493,-0.5721801431608003
"[-0.009999999999999998, -0.0049999999999999975, 0.035, 0.010000000000000005, 0.0050000000000000044, 0.17]",grasping,25331,990004702,1.5765010949654372,-13.656797275774126,-6.021650065310844,1.11491081739562,0.009832011477149877,-0.6051523286492758
"[-0.009999999999999998, -0.0049999999999999975, 0.035, 0.010000000000000005, 0.0050000000000000044, 0.17]",grasping,25331,994004702,1.6359709571794174,-13.648059596447641,-6.081679209622557,1.1085581285600905,0.026580173643860158,-0.6062029011646975
"[-0.009999999999999998, -0.0049999999999999975, 0.035, 0.010000000000000005, 0.0050000000000000044, 0.17]",grasping,25331,998004702,1.346483052812527,-14.000248673222028,-6.210414072380363,1.1440535768510993,-0.012586963089823308,-0.5997317559621872
"[-0.009999999999999998, -0.0049999999999999975, 0.035, 0.010000000000000005, 0.0050000000000000044, 0.17]",grasping,25332,2004702,1.1400893072403049,-13.974457988249092,-6.401706099337501,1.1338161319316993,-0.039502530847865425,-0.5914712277934502
"[-0.009999999999999998, -0.0049999999999999975, 0.035, 0.010000000000000005, 0.0050000000000000044, 0.17]",grasping,25332,6004702,2.0173230676862577,-14.202336008800286,-4.680864291259878,1.211819969838028,0.07239818271055909,-0.6005163898482734
"[-0.009999999999999998, -0.0049999999999999975, 0.035, 0.010000000000000005, 0.0050000000000000044, 0.17]",grasping,25332,10004702,1.9734952867431392,-14.196750606325807,-5.22904283539641,1.1843225705920557,0.07830882532432466,-0.6006615870689062
"[-0.009999999999999998, -0.0049999999999999975, 0.035, 0.010000000000000005, 0.0050000000000000044, 0.17]",grasping,25332,14004702,1.800801111762647,-14.43095884753329,-5.310494730185061,1.204779297655628,0.0561642296044505,-0.5919955976951091
"[-0.009999999999999998, -0.0049999999999999975, 0.035, 0.010000000000000005, 0.0050000000000000044, 0.17]",grasping,25332,18004702,1.6878648506612897,-14.530201561275062,-5.348934913290426,1.2140850006227535,0.03984701597161511,-0.5874779201109517
"[-0.009999999999999998, -0.0049999999999999975, 0.035, 0.010000000000000005, 0.0050000000000000044, 0.17]",grasping,25332,22004702,1.705175712100191,-14.49748589788237,-5.306060635998854,1.213458917783421,0.03940713092172923,-0.5893614685471817
"[-0.009999999999999998, -0.0049999999999999975, 0.035, 0.010000000000000005, 0.0050000000000000044, 0.17]",grasping,25332,26004702,2.090324867472528,-14.602574587736182,-4.520781289108449,1.2314522050675178,0.1019049125406148,-0.5768695894517484
"[-0.009999999999999998, -0.0049999999999999975, 0.035, 0.010000000000000005, 0.0050000000000000044, 0.17]",grasping,25332,30004702,2.2441493760382603,-14.705810526991362,-4.520179823477388,1.236331518792722,0.1333698417093659,-0.5810052852154625
"[-0.009999999999999998, -0.0049999999999999975, 0.035, 0.010000000000000005, 0.0050000000000000044, 0.17]",grasping,25332,34004702,2.194650744028795,-14.947790556838832,-4.487316732065912,1.2553155177266104,0.13357700549595813,-0.5709088017483652
"[-0.009999999999999998, -0.0049999999999999975, 0.035, 0.010000000000000005, 0.0050000000000000044, 0.17]",grasping,25332,38004702,2.266480464514368,-15.035221150365452,-4.166062726332141,1.2807450886204366,0.13128276523893478,-0.5763056893472389
"[-0.009999999999999998, -0.0049999999999999975, 0.035, 0.010000000000000005, 0.0050000000000000044, 0.17]",grasping,25332,42004702,2.4356681299761593,-15.139243482883955,-3.878396278499883,1.2985915513156787,0.15202242224291718,-0.5790130765838318
"[-0.009999999999999998, -0.0049999999999999975, 0.035, 0.010000000000000005, 0.0050000000000000044, 0.17]",grasping,25332,46004702,2.5850654991922832,-15.260389034752759,-3.6321414851041816,-0.111350302186515,0.17045279525427043,-0.5875047317032888
"[-0.009999999999999998, -0.0049999999999999975, 0.035, 0.010000000000000005, 0.0050000000000000044, 0.17]",grasping,25332,50004702,2.88993241225141,-15.228855694069914,-3.0297823363698058,1.2883483525715185,0.2377439797572231,-0.5637411027505509
"[-0.009999999999999998, -0.0049999999999999975, 0.035, 0.010000000000000005, 0.0050000000000000044, 0.17]",grasping,25332,54004702,2.7808698620707295,-15.329593370761273,-3.379154973859322,1.2942829774334206,0.21992433957159258,-0.5606781364110348
"[-0.009999999999999998, -0.0049999999999999975, 0.035, 0.010000000000000005, 0.0050000000000000044, 0.17]",grasping,25332,58004702,2.8576952045185235,-15.57135745171577,-3.1506598187652006,1.3201830240125207,0.23636795453989123,-0.553942831983907
"[-0.009999999999999998, -0.0049999999999999975, 0.035, 0.010000000000000005, 0.0050000000000000044, 0.17]",grasping,25332,62004702,2.97723623560777,-15.670562471834291,-2.8489791844466765,1.3395569159699832,0.24388646080847481,-0.5580493460915238
"[-0.009999999999999998, -0.0049999999999999975, 0.035, 0.010000000000000005, 0.0050000000000000044, 0.17]",grasping,25332,66004702,3.108646029849229,-15.64548311985892,-2.6517295787764787,1.3418609935526655,0.2552147401111463,-0.5632596977370595
"[-0.009999999999999998, -0.0049999999999999975, 0.035, 0.010000000000000005, 0.0050000000000000044, 0.17]",grasping,25332,70004702,3.113048512041886,-15.887250021050598,-2.6277985439555707,1.3634583282601271,0.27027595918290964,-0.5552333596295088
"[-0.009999999999999998, -0.0049999999999999975, 0.035, 0.010000000000000005, 0.0050000000000000044, 0.17]",grasping,25332,74004702,3.1855425879611907,-15.983933595873506,-2.3563371204276207,1.3817691237839997,0.2678527641440324,-0.5584097337826452
"[-0.009999999999999998, -0.0049999999999999975, 0.035, 0.010000000000000005, 0.0050000000000000044, 0.17]",grasping,25332,78004702,3.301842792123171,-15.95730247349519,-2.1785610193670975,1.3835116797635179,0.27683495643912936,-0.5633045402278845
"[-0.009999999999999998, -0.0049999999999999975, 0.035, 0.010000000000000005, 0.0050000000000000044, 0.17]",grasping,25332,82004702,3.261295646511659,-16.061286127994137,-2.4236775926759924,1.3420657383437118,0.2964228668712427,-0.531136700930972
"[-0.009999999999999998, -0.0049999999999999975, 0.035, 0.010000000000000005, 0.0050000000000000044, 0.17]",grasping,25332,86004702,3.332204079983941,-16.155710016020915,-2.0392857936689976,1.3610321233395068,0.30273991819991014,-0.5338368536085187
"[-0.009999999999999998, -0.0049999999999999975, 0.035, 0.010000000000000005, 0.0050000000000000044, 0.17]",grasping,25332,90004702,3.36076685359532,-16.266280506078584,-2.0571647817180496,1.3674233770050228,0.31473414820935786,-0.5303847682625492
"[-0.009999999999999998, -0.0049999999999999975, 0.035, 0.010000000000000005, 0.0050000000000000044, 0.17]",grasping,25332,94004702,3.413238076010025,-16.496399907875844,-1.8711827073696652,1.3937079254213764,0.3249230467216074,-0.5252727280165503
"[-0.009999999999999998, -0.0049999999999999975, 0.035, 0.010000000000000005, 0.0050000000000000044, 0.17]",grasping,25332,98004702,3.518913700549586,-16.59019126485945,-1.4954609359753857,1.4114361026939783,0.32591390479621063,-0.5287390235762988
"[-0.009999999999999998, -0.0049999999999999975, 0.035, 0.010000000000000005, 0.0050000000000000044, 0.17]",grasping,25332,102004702,3.5910742776310522,-16.692103420821237,-1.573301993068231,1.4181454066711296,0.34314721931140074,-0.528340865842006
"[-0.009999999999999998, -0.0049999999999999975, 0.035, 0.010000000000000005, 0.0050000000000000044, 0.17]",grasping,25332,106004702,3.634637023197695,-16.67352895927872,-1.458361477609885,-0.009103313161288373,0.3374956436181194,-0.5383551841737241
"[-0.009999999999999998, -0.0049999999999999975, 0.035, 0.010000000000000005, 0.0050000000000000044, 0.17]",grasping,25332,110004702,3.6091948809115912,-16.892445805230107,-1.269825191131135,0.018297657491848918,0.3365851290506815,-0.5352095626416684
"[-0.009999999999999998, -0.0049999999999999975, 0.035, 0.010000000000000005, 0.0050000000000000044, 0.17]",grasping,25332,114004702,3.1230641523193365,-16.980919776894527,4.090365630398593,1.4794388970612946,0.33275299637111727,-0.5062180000249223
"[-0.009999999999999998, -0.0049999999999999975, 0.035, 0.010000000000000005, 0.0050000000000000044, 0.17]",grasping,25332,118004702,3.7262679984336318,-17.091012050387864,0.3913825805704736,0.020244648323619524,0.36868275475004186,-0.5166394915445284
"[-0.009999999999999998, -0.0049999999999999975, 0.035, 0.010000000000000005, 0.0050000000000000044, 0.17]",grasping,25332,122004702,3.8455851265429137,-17.049195393729157,-0.8790662961635345,1.423579276294481,0.3767869977464692,-0.5115597254666934
"[-0.009999999999999998, -0.0049999999999999975, 0.035, 0.010000000000000005, 0.0050000000000000044, 0.17]",grasping,25332,126004702,3.8353267745450443,-17.280821506138366,-0.807558473745595,1.4424037366788167,0.38388859310135076,-0.501892630365504
"[-0.009999999999999998, -0.0049999999999999975, 0.035, 0.010000000000000005, 0.0050000000000000044, 0.17]",grasping,25332,130004702,3.9863718336658476,-17.36435193038194,-0.3373662978080434,1.464876064562339,0.38369421875600473,-0.5071885499385465
"[-0.009999999999999998, -0.0049999999999999975, 0.035, 0.010000000000000005, 0.0050000000000000044, 0.17]",grasping,25332,134004702,4.004804703159948,-17.467805803670963,-0.32734460424089296,1.4687980949631536,0.3917657679117073,-0.5027850789294358
"[-0.009999999999999998, -0.0049999999999999975, 0.035, 0.010000000000000005, 0.0050000000000000044, 0.17]",grasping,25332,138004702,4.0377254444224375,-17.564850299919392,-0.3304781175640894,1.4733911898223777,0.4028131885821726,-0.5017905170865192
"[-0.009999999999999998, -0.0049999999999999975, 0.035, 0.010000000000000005, 0.0050000000000000044, 0.17]",grasping,25332,142004702,4.125343517608566,-17.639277322280307,0.10490968136997392,1.4504458147640964,0.4056233562649111,-0.49021245940611863
"[-0.009999999999999998, -0.0049999999999999975, 0.035, 0.010000000000000005, 0.0050000000000000044, 0.17]",grasping,25332,146004702,4.129817706889753,-17.62455191370304,-0.08008980694750534,1.443368009223861,0.4069134361229659,-0.48972444235666485
"[-0.009999999999999998, -0.0049999999999999975, 0.035, 0.010000000000000005, 0.0050000000000000044, 0.17]",grasping,25332,150004702,4.0812288042017695,-17.852368382868963,-0.03974817714965351,1.4590160121745122,0.4072512216706577,-0.4785655360113487
"[-0.009999999999999998, -0.0049999999999999975, 0.035, 0.010000000000000005, 0.0050000000000000044, 0.17]",grasping,25332,154004702,4.169002725551306,-17.824417719778268,0.021241434681933846,0.023911611210870876,0.41381462387259743,-0.490293072435876
"[-0.009999999999999998, -0.0049999999999999975, 0.035, 0.010000000000000005, 0.0050000000000000044, 0.17]",grasping,25332,158004702,4.295636930993242,-18.04380886668865,0.6193157626700927,0.05203222201890681,0.42794924946277063,-0.4870072252915231
"[-0.009999999999999998, -0.0049999999999999975, 0.035, 0.010000000000000005, 0.0050000000000000044, 0.17]",grasping,25332,162004702,4.316494444870186,-18.135232302841324,0.58398994410567,0.05768571952193299,0.42322344706897447,-0.4835080039402751
"[-0.009999999999999998, -0.0049999999999999975, 0.035, 0.010000000000000005, 0.0050000000000000044, 0.17]",grasping,25332,166004702,4.275458046727353,-18.2150616231184,0.4070607379453435,1.4833404855360781,0.4293028706744764,-0.47496593210776905
"[-0.009999999999999998, -0.0049999999999999975, 0.035, 0.010000000000000005, 0.0050000000000000044, 0.17]",grasping,25332,170004702,4.324275808055013,-18.315121764007785,0.16049322598697824,1.4806408147737204,0.44951560266501295,-0.4702391130121636
"[-0.009999999999999998, -0.0049999999999999975, 0.035, 0.010000000000000005, 0.0050000000000000044, 0.17]",grasping,25332,174004702,4.327862161332215,-18.274424854787128,0.8443459618686973,1.4819041109437496,0.4304696822807816,-0.4712092527579008
"[-0.009999999999999998, -0.0049999999999999975, 0.035, 0.010000000000000005, 0.0050000000000000044, 0.17]",grasping,25332,179004702,4.383457396898396,-18.49853492479285,1.0557071282239034,0.019566870982661383,0.4328360261583866,-0.45932556901224253
"[-0.009999999999999998, -0.0049999999999999975, 0.035, 0.010000000000000005, 0.0050000000000000044, 0.17]",grasping,25332,182004702,4.449067206784715,-18.45818436524355,0.9858611453186219,1.4316390040481255,0.44729214625043867,-0.4539749277725944
"[-0.009999999999999998, -0.0049999999999999975, 0.035, 0.010000000000000005, 0.0050000000000000044, 0.17]",grasping,25332,186004702,4.451875740724505,-18.684402740580595,1.1642701677020844,1.447193637072197,0.45426704951789426,-0.4428387328878265
"[-0.009999999999999998, -0.0049999999999999975, 0.035, 0.010000000000000005, 0.0050000000000000044, 0.17]",grasping,25332,190004702,4.55740444494571,-18.64111853853233,1.330586799295543,1.4371648463116111,0.4607432841174366,-0.44864055117982343
"[-0.009999999999999998, -0.0049999999999999975, 0.035, 0.010000000000000005, 0.0050000000000000044, 0.17]",grasping,25332,194004702,4.549897320103102,-18.865546102132697,1.4699655757476915,1.4517395690349748,0.4675815013982351,-0.43693707449721225
"[-0.009999999999999998, -0.0049999999999999975, 0.035, 0.010000000000000005, 0.0050000000000000044, 0.17]",grasping,25332,198004702,4.634046558604364,-18.821002466263423,1.68882890097957,1.440599189523679,0.470435186232274,-0.4428169111673266
"[-0.009999999999999998, -0.0049999999999999975, 0.035, 0.010000000000000005, 0.0050000000000000044, 0.17]",grasping,25332,202004702,4.629239631666072,-18.906387904108374,1.8602016161226755,1.4430971126708985,0.47015908145524177,-0.43787952211773523
"[-0.009999999999999998, -0.0049999999999999975, 0.035, 0.010000000000000005, 0.0050000000000000044, 0.17]",grasping,25332,206004702,4.5176929030257,-19.131676842271748,1.816219347774183,1.380213611721774,0.44203801813578897,-0.4117206327405817
"[-0.009999999999999998, -0.0049999999999999975, 0.035, 0.010000000000000005, 0.0050000000000000044, 0.17]",grasping,25332,210004702,4.483228863530084,-19.20788333931089,1.8301921575312923,1.3776217759536649,0.4298286011632017,-0.41080491990086787
"[-0.009999999999999998, -0.0049999999999999975, 0.035, 0.010000000000000005, 0.0050000000000000044, 0.17]",grasping,25332,214004702,4.134310432979561,-19.172096842444542,0.8415069398927617,1.3547898305653212,0.3755318382778455,-0.40338997589086545
"[-0.009999999999999998, -0.0049999999999999975, 0.035, 0.010000000000000005, 0.0050000000000000044, 0.17]",grasping,25332,218004702,4.053422754292376,-19.380268360694796,0.6494104766245359,1.3769224001119538,0.36873995441508844,-0.3968102508224769
"[-0.009999999999999998, -0.0049999999999999975, 0.035, 0.010000000000000005, 0.0050000000000000044, 0.17]",grasping,25332,222004702,4.041622910462563,-19.34720156894001,0.9488112593403031,1.3596147461734258,0.36065106821270454,-0.399410314914603
"[-0.009999999999999998, -0.0049999999999999975, 0.035, 0.010000000000000005, 0.0050000000000000044, 0.17]",grasping,25332,226004702,4.09672347728365,-19.440527702688705,0.8906869220216445,-0.05746921613435152,0.36374796957883465,-0.40416061483153815
"[-0.009999999999999998, -0.0049999999999999975, 0.035, 0.010000000000000005, 0.0050000000000000044, 0.17]",grasping,25332,230004702,4.000475587906254,-19.654940093868504,1.0535924783966282,1.3160865446266754,0.3258957105871531,-0.3837221643052322
"[-0.009999999999999998, -0.0049999999999999975, 0.035, 0.010000000000000005, 0.0050000000000000044, 0.17]",grasping,25332,234004702,4.09659072882199,-19.743638418867988,1.45810514600229,-0.1111152742784289,0.3342321905251517,-0.39421435622285006
"[-0.009999999999999998, -0.0049999999999999975, 0.035, 0.010000000000000005, 0.0050000000000000044, 0.17]",grasping,25332,238004702,4.098310815412366,-19.694049167362916,1.7104979325559952,1.3036022606274975,0.33671296598204914,-0.3885150310975223
"[-0.009999999999999998, -0.0049999999999999975, 0.035, 0.010000000000000005, 0.0050000000000000044, 0.17]",grasping,25332,242004702,4.144152500408513,-19.790397843759855,2.123306463433523,-0.12387940313005394,0.34250877532164525,-0.39385963181861083
"[-0.009999999999999998, -0.0049999999999999975, 0.035, 0.010000000000000005, 0.0050000000000000044, 0.17]",grasping,25332,246004702,4.168896491262322,-20.000086461692764,2.3669532630021433,1.3187588424377001,0.3460257810634002,-0.37845091631745736
"[-0.009999999999999998, -0.0049999999999999975, 0.035, 0.010000000000000005, 0.0050000000000000044, 0.17]",grasping,25332,250004702,4.216262604062272,-19.952061370483705,2.702179309129038,1.3068909910085522,0.3523715185705353,-0.38533148185072436
"[-0.009999999999999998, -0.0049999999999999975, 0.035, 0.010000000000000005, 0.0050000000000000044, 0.17]",grasping,25332,254004702,3.979239352725492,-20.050450968660666,3.391827508857217,-0.19882897569887892,0.28094541856359184,-0.39657537588142916
"[-0.009999999999999998, -0.0049999999999999975, 0.035, 0.010000000000000005, 0.0050000000000000044, 0.17]",grasping,25332,258004702,3.980248647607543,-20.00165556652657,3.903192677855639,1.2085845871077512,0.28409449448956375,-0.39097115767793805
"[-0.009999999999999998, -0.0049999999999999975, 0.035, 0.010000000000000005, 0.0050000000000000044, 0.17]",grasping,25332,263004702,4.1016364420288935,-20.34927623047227,4.753159836411347,-0.19914214322724502,0.29712058357503585,-0.391880938229085
"[-0.009999999999999998, -0.0049999999999999975, 0.035, 0.010000000000000005, 0.0050000000000000044, 0.17]",grasping,25332,266004702,4.145690199155276,-20.425325565041856,5.278554182016739,1.2236709132632728,0.30361503400585615,-0.38413514899223433
"[-0.009999999999999998, -0.0049999999999999975, 0.035, 0.010000000000000005, 0.0050000000000000044, 0.17]",grasping,25332,270004702,4.195846771121598,-20.511758215705218,5.988160177961692,1.2147385991643398,0.31120688415689607,-0.38253284553261635
"[-0.009999999999999998, -0.0049999999999999975, 0.035, 0.010000000000000005, 0.0050000000000000044, 0.17]",grasping,25332,274004702,4.219847201809695,-20.47429328953548,6.708787493924046,1.1886618074635258,0.31754272838627146,-0.38304380371863705
"[-0.009999999999999998, -0.0049999999999999975, 0.035, 0.010000000000000005, 0.0050000000000000044, 0.17]",grasping,25332,278004702,4.1748817101140325,-20.559776967056816,7.422183926175325,1.1797531819010842,0.31335166740119796,-0.3838027351176649
"[-0.009999999999999998, -0.0049999999999999975, 0.035, 0.010000000000000005, 0.0050000000000000044, 0.17]",grasping,25332,282004702,4.097019686088674,-20.779169654541338,8.135315844857505,1.1837370334991575,0.304967367168092,-0.37734539427161906
"[-0.009999999999999998, -0.0049999999999999975, 0.035, 0.010000000000000005, 0.0050000000000000044, 0.17]",grasping,25332,286004702,4.116189023326515,-20.868594232721946,9.378709090733294,-0.34390582620332694,0.23514210957586779,-0.40002816864040375
"[-0.009999999999999998, -0.0049999999999999975, 0.035, 0.010000000000000005, 0.0050000000000000044, 0.17]",grasping,25332,290004702,4.135932629605296,-20.82207298051773,10.146938808920535,1.0536142717080343,0.2392748538728336,-0.39401206696540014
"[-0.009999999999999998, -0.0049999999999999975, 0.035, 0.010000000000000005, 0.0050000000000000044, 0.17]",grasping,25332,294004702,4.182652472689479,-20.91755692304102,11.412418540292627,-0.3979030005094593,0.2448196596626963,-0.39877617029256174
"[-0.009999999999999998, -0.0049999999999999975, 0.035, 0.010000000000000005, 0.0050000000000000044, 0.17]",grasping,25332,298004702,4.228166997969485,-21.130242705469616,12.179291560757633,1.0274847222860812,0.2501095023290642,-0.3838795872470334
"[-0.009999999999999998, -0.0049999999999999975, 0.035, 0.010000000000000005, 0.0050000000000000044, 0.17]",grasping,25332,302004702,4.299024657167023,-21.09459538900174,13.473145387223354,-0.43952457447699955,0.25888696092889835,-0.39587047937699926
"[-0.009999999999999998, -0.0049999999999999975, 0.035, 0.010000000000000005, 0.0050000000000000044, 0.17]",grasping,25332,306004702,4.365136828655475,-21.302011759118965,14.499311422238675,-0.44079640043961554,0.2648950412571276,-0.3929455929952438
"[-0.009999999999999998, -0.0049999999999999975, 0.035, 0.010000000000000005, 0.0050000000000000044, 0.17]",grasping,25332,310004702,4.3355232449829195,-21.38748720807921,15.294538375867994,0.9683058410968161,0.26195468848270614,-0.3842261425731493
"[-0.009999999999999998, -0.0049999999999999975, 0.035, 0.010000000000000005, 0.0050000000000000044, 0.17]",grasping,25332,314004702,4.242251800811234,-21.346235026036567,16.351325073870115,0.9348242066667677,0.2511808154320056,-0.3905255450288733
"[-0.009999999999999998, -0.0049999999999999975, 0.035, 0.010000000000000005, 0.0050000000000000044, 0.17]",grasping,25332,318004702,4.161005788015047,-21.431534523979117,17.39816776146242,0.9170818433344715,0.24078845746190852,-0.39227540429642177
"[-0.009999999999999998, -0.0049999999999999975, 0.035, 0.010000000000000005, 0.0050000000000000044, 0.17]",grasping,25332,322004702,4.065661885536659,-21.527089598469555,18.45333524289567,0.8946500155657687,0.22962712708142768,-0.3913632660097906
"[-0.009999999999999998, -0.0049999999999999975, 0.035, 0.010000000000000005, 0.0050000000000000044, 0.17]",grasping,25332,326004702,4.025861459060019,-21.60932649199173,19.499797995398783,0.878009946838037,0.22360639589154702,-0.3956629618294796
"[-0.009999999999999998, -0.0049999999999999975, 0.035, 0.010000000000000005, 0.0050000000000000044, 0.17]",grasping,25332,330004702,3.992938074093006,-21.821538729627118,20.55408442688573,0.8750308048627758,0.21718145915566317,-0.39554072287436026
"[-0.009999999999999998, -0.0049999999999999975, 0.035, 0.010000000000000005, 0.0050000000000000044, 0.17]",grasping,25332,334004702,3.8160874124920046,-21.93307785554033,21.97218467107045,0.7479990120566669,0.06337254268429662,-0.41798875892982573
"[-0.009999999999999998, -0.0049999999999999975, 0.035, 0.010000000000000005, 0.0050000000000000044, 0.17]",grasping,25332,338004702,3.6884322570945187,-21.896908956651192,23.251353927757258,0.7061662356169888,0.04408206990214751,-0.42525919077316787
"[-0.009999999999999998, -0.0049999999999999975, 0.035, 0.010000000000000005, 0.0050000000000000044, 0.17]",grasping,25332,342004702,3.6098239985110916,-22.10970200140377,24.518824252152335,0.69685984117963,0.02757261404776852,-0.4270973057671529
"[-0.009999999999999998, -0.0049999999999999975, 0.035, 0.010000000000000005, 0.0050000000000000044, 0.17]",grasping,25332,346004702,3.454940564879585,-22.213431320281366,25.817355568079073,0.6638517556571313,0.004597471211330126,-0.42793270406261347
"[-0.009999999999999998, -0.0049999999999999975, 0.035, 0.010000000000000005, 0.0050000000000000044, 0.17]",grasping,25332,350004702,3.3270565045786964,-22.30047307012166,27.105223618213273,0.6385310845590828,-0.016862016846845018,-0.4349839766488588
"[-0.009999999999999998, -0.0049999999999999975, 0.035, 0.010000000000000005, 0.0050000000000000044, 0.17]",grasping,25332,354004702,3.1344164938096424,-22.401639460249854,28.406818292463086,0.6074247511781076,-0.04473051493521445,-0.4368237569824019
"[-0.009999999999999998, -0.0049999999999999975, 0.035, 0.010000000000000005, 0.0050000000000000044, 0.17]",grasping,25332,358004702,2.9235517981501826,-22.366742183643876,29.698394121345522,0.5658088917208826,-0.07420468413229105,-0.4465944249504403
"[-0.009999999999999998, -0.0049999999999999975, 0.035, 0.010000000000000005, 0.0050000000000000044, 0.17]",grasping,25332,362004702,2.658779833047497,-22.336313764499348,30.97620767103664,0.5238923491238231,-0.109667386762729,-0.45442345040876597
"[-0.009999999999999998, -0.0049999999999999975, 0.035, 0.010000000000000005, 0.0050000000000000044, 0.17]",grasping,25332,366004702,2.44977586157026,-22.43164832907445,32.24336820836734,0.497007099315406,-0.14005342062476106,-0.4606159969820953
"[-0.009999999999999998, -0.0049999999999999975, 0.035, 0.010000000000000005, 0.0050000000000000044, 0.17]",grasping,25332,370004702,2.3187675393935527,-22.782546095298592,33.52185584444885,0.49811719463883974,-0.16455287556825993,-0.4604601385354926
"[-0.009999999999999998, -0.0049999999999999975, 0.035, 0.010000000000000005, 0.0050000000000000044, 0.17]",grasping,25332,374004702,2.044680440391536,-22.750163857933803,34.80892504811774,0.45721607063262604,-0.20202686946392984,-0.47163060744359314
"[-0.009999999999999998, -0.0049999999999999975, 0.035, 0.010000000000000005, 0.0050000000000000044, 0.17]",grasping,25332,378004702,1.8545275250780753,-22.966296687925144,36.07743720742177,0.44877522309389317,-0.23282400141257797,-0.4767973325237874
"[-0.009999999999999998, -0.0049999999999999975, 0.035, 0.010000000000000005, 0.0050000000000000044, 0.17]",grasping,25332,382004702,1.5813020245149008,-22.958673364019507,37.679098117937784,-1.032355249543971,-0.27030021805891097,-0.4908730644388597
"[-0.009999999999999998, -0.0049999999999999975, 0.035, 0.010000000000000005, 0.0050000000000000044, 0.17]",grasping,25332,386004702,1.5464202192537377,-23.05525253140251,38.93586624653886,-1.0588287279692423,-0.27926448195842685,-0.49217486790329223
"[-0.009999999999999998, -0.0049999999999999975, 0.035, 0.010000000000000005, 0.0050000000000000044, 0.17]",grasping,25332,390004702,1.4277448354294462,-23.144832814807174,39.86994925548228,0.3496134688078959,-0.2967365569688312,-0.48568095898989505
"[-0.009999999999999998, -0.0049999999999999975, 0.035, 0.010000000000000005, 0.0050000000000000044, 0.17]",grasping,25332,394004702,1.3013884521480152,-23.236047813983998,41.10607180418235,0.3266479576058303,-0.3178219618016007,-0.4928493969836952
"[-0.009999999999999998, -0.0049999999999999975, 0.035, 0.010000000000000005, 0.0050000000000000044, 0.17]",grasping,25332,398004702,1.2130322443508503,-23.343010749456646,42.34251779550038,0.29825221177444405,-0.3326474322777673,-0.4919260125344471
"[-0.009999999999999998, -0.0049999999999999975, 0.035, 0.010000000000000005, 0.0050000000000000044, 0.17]",grasping,25332,402004702,1.1444264493595075,-23.44296810748235,43.55982400539941,0.2731359093623166,-0.34577322360285456,-0.4938663323547101
"[-0.009999999999999998, -0.0049999999999999975, 0.035, 0.010000000000000005, 0.0050000000000000044, 0.17]",grasping,25332,406004702,0.973616322103796,-23.54342664176027,44.76709090868407,0.24882391683667263,-0.3716257006583258,-0.4986480258676936
"[-0.009999999999999998, -0.0049999999999999975, 0.035, 0.010000000000000005, 0.0050000000000000044, 0.17]",grasping,25332,410004702,0.8445038904452543,-23.644779479186006,45.96186816476735,0.22486893743697753,-0.3922331365523678,-0.5023799267648762
"[-0.009999999999999998, -0.0049999999999999975, 0.035, 0.010000000000000005, 0.0050000000000000044, 0.17]",grasping,25332,414004702,0.8069599435455578,-23.74660221835445,47.14018583309105,0.20111549674383414,-0.40156957118343656,-0.5034382523591743
"[-0.009999999999999998, -0.0049999999999999975, 0.035, 0.010000000000000005, 0.0050000000000000044, 0.17]",grasping,25332,418004702,0.6578272827375663,-23.977805700430725,48.310932029508365,0.1915762580176946,-0.4266158442391342,-0.503836964799161
"[-0.009999999999999998, -0.0049999999999999975, 0.035, 0.010000000000000005, 0.0050000000000000044, 0.17]",grasping,25332,422004702,2.355248050297783,-24.089072946420064,49.5983773816378,0.06026665724505123,-0.4805020215355405,-0.4967591180131241
"[-0.009999999999999998, -0.0049999999999999975, 0.035, 0.010000000000000005, 0.0050000000000000044, 0.17]",grasping,25332,426004702,2.215263997213947,-24.067741468615687,50.81284124584415,0.0216787102781045,-0.5043354079715305,-0.5035088774650601
"[-0.009999999999999998, -0.0049999999999999975, 0.035, 0.010000000000000005, 0.0050000000000000044, 0.17]",grasping,25332,430004702,2.1386366201175346,-24.29325937814048,52.00992136353058,0.01456166510810633,-0.5269518744021289,-0.5066322534643891
"[-0.009999999999999998, -0.0049999999999999975, 0.035, 0.010000000000000005, 0.0050000000000000044, 0.17]",grasping,25332,434004702,2.0229416165744634,-24.283801816512746,53.18674638593169,-0.02718037437425852,-0.5468995123349384,-0.5097169003897746
"[-0.009999999999999998, -0.0049999999999999975, 0.035, 0.010000000000000005, 0.0050000000000000044, 0.17]",grasping,25332,438004702,1.9559305252851282,-24.53088829677506,54.621776906160406,-1.4702647454601354,-0.5692859494153973,-0.5188589084112616
"[-0.009999999999999998, -0.0049999999999999975, 0.035, 0.010000000000000005, 0.0050000000000000044, 0.17]",grasping,25332,442004702,1.8880377074859158,-24.51650404463966,55.72839414275427,-1.5077408756479849,-0.5844803247691979,-0.5202090451260866
"[-0.009999999999999998, -0.0049999999999999975, 0.035, 0.010000000000000005, 0.0050000000000000044, 0.17]",grasping,25332,446004702,1.8502074078898025,-24.74209315942048,56.538835769178036,-0.0826771348194176,-0.5990099467189849,-0.5087261066852281
"[-0.009999999999999998, -0.0049999999999999975, 0.035, 0.010000000000000005, 0.0050000000000000044, 0.17]",grasping,25332,450004702,1.804277484254348,-24.71926606763572,57.58836887128636,-0.11428340916248524,-0.6096919918365981,-0.5169530853706055
"[-0.009999999999999998, -0.0049999999999999975, 0.035, 0.010000000000000005, 0.0050000000000000044, 0.17]",grasping,25332,454004702,1.769913257262968,-24.94765352634995,58.62253222043256,-0.11634886209094253,-0.6271247650344944,-0.5186147355690334
"[-0.009999999999999998, -0.0049999999999999975, 0.035, 0.010000000000000005, 0.0050000000000000044, 0.17]",grasping,25332,458004702,1.7372695861585528,-24.94139978815197,59.620384938874054,-0.15210431781842298,-0.6354601377683027,-0.5190229324754988
"[-0.009999999999999998, -0.0049999999999999975, 0.035, 0.010000000000000005, 0.0050000000000000044, 0.17]",grasping,25332,462004702,1.688747032641388,-25.055382739699628,60.58060227296171,-0.1716242632302987,-0.650779260092145,-0.5170591510781876
"[-0.009999999999999998, -0.0049999999999999975, 0.035, 0.010000000000000005, 0.0050000000000000044, 0.17]",grasping,25332,466004702,1.6259264986883322,-25.15298929856323,61.61275595981617,-0.19011206546213313,-0.6662461898023243,-0.5222438559411455
"[-0.009999999999999998, -0.0049999999999999975, 0.035, 0.010000000000000005, 0.0050000000000000044, 0.17]",grasping,25332,470004702,1.5843555407790086,-25.269015058210314,62.68817346592189,-0.21198878695640994,-0.6808228377916755,-0.5204926070186429
"[-0.009999999999999998, -0.0049999999999999975, 0.035, 0.010000000000000005, 0.0050000000000000044, 0.17]",grasping,25332,474004702,1.5124752031691537,-25.378293282236612,63.76787494203412,-0.2329359133395189,-0.6986243075898043,-0.5226035312111331
"[-0.009999999999999998, -0.0049999999999999975, 0.035, 0.010000000000000005, 0.0050000000000000044, 0.17]",grasping,25332,478004702,1.9129093450258496,-25.65438440325938,64.94780334695014,-0.10750946555111245,-0.6648383109714243,-0.5365010988170326
"[-0.009999999999999998, -0.0049999999999999975, 0.035, 0.010000000000000005, 0.0050000000000000044, 0.17]",grasping,25332,482004702,1.4995632905008232,-25.74405166051236,65.80336249132318,-1.6778522446369617,-0.697773351538455,-0.5214988856589767
"[-0.009999999999999998, -0.0049999999999999975, 0.035, 0.010000000000000005, 0.0050000000000000044, 0.17]",grasping,25332,486004702,1.547020339419034,-25.714275775352572,66.58490983271773,-0.27548018458456663,-0.7224113459091012,-0.531836520027208
"[-0.009999999999999998, -0.0049999999999999975, 0.035, 0.010000000000000005, 0.0050000000000000044, 0.17]",grasping,25332,490004702,1.356233593816658,-25.86349970248032,67.44281007788247,-1.7149098463063555,-0.7303141424274718,-0.5249654352800388
"[-0.009999999999999998, -0.0049999999999999975, 0.035, 0.010000000000000005, 0.0050000000000000044, 0.17]",grasping,25332,494004702,1.4497906538867422,-25.957693406230657,68.18364878564391,-0.294272027833656,-0.7501671467770111,-0.535430569508545
"[-0.009999999999999998, -0.0049999999999999975, 0.035, 0.010000000000000005, 0.0050000000000000044, 0.17]",grasping,25332,498004702,1.4223551779620363,-26.203974176148943,68.99351560909759,-0.28949756772433083,-0.7646014219475887,-0.5364562313595983
"[-0.009999999999999998, -0.0049999999999999975, 0.035, 0.010000000000000005, 0.0050000000000000044, 0.17]",grasping,25332,502004702,1.3911663624497854,-26.3403323710435,69.73242668966493,-0.3005757135886509,-0.7765243338873237,-0.5339659844565592
"[-0.009999999999999998, -0.0049999999999999975, 0.035, 0.010000000000000005, 0.0050000000000000044, 0.17]",grasping,25332,506004702,1.3536834159269704,-26.339738495045673,70.36250137084508,-0.31692820615187195,-0.7824836440144706,-0.5376901424582928
"[-0.009999999999999998, -0.0049999999999999975, 0.035, 0.010000000000000005, 0.0050000000000000044, 0.17]",grasping,25332,510004702,1.3128895915497707,-26.602199097803283,70.98462428035313,-0.3100695661496693,-0.8024123533541891,-0.5329271452413297
"[-0.009999999999999998, -0.0049999999999999975, 0.035, 0.010000000000000005, 0.0050000000000000044, 0.17]",grasping,25332,514004702,1.311495405837221,-26.5985077371424,71.56380090353552,-0.32245127719396705,-0.7999156304112011,-0.5385648499246911
"[-0.009999999999999998, -0.0049999999999999975, 0.035, 0.010000000000000005, 0.0050000000000000044, 0.17]",grasping,25332,518004702,1.2827968975868136,-26.7348932016596,72.09200772571756,-0.32475022864457803,-0.8129686406856019,-0.5361220636690152
"[-0.009999999999999998, -0.0049999999999999975, 0.035, 0.010000000000000005, 0.0050000000000000044, 0.17]",grasping,25332,522004702,1.2672458230027348,-26.866317001636496,72.61232849403756,-0.32463157418786404,-0.8202391644213535,-0.5363259745828232
"[-0.009999999999999998, -0.0049999999999999975, 0.035, 0.010000000000000005, 0.0050000000000000044, 0.17]",grasping,25332,526004702,1.2528836297207961,-27.127395011033357,73.17103349257562,-0.3138451103822265,-0.8334243056459386,-0.5334812827892675
"[-0.009999999999999998, -0.0049999999999999975, 0.035, 0.010000000000000005, 0.0050000000000000044, 0.17]",grasping,25332,530004702,1.255480547388815,-27.126479333517473,73.68863659559138,-0.32377993139960304,-0.8300950015707578,-0.5385936166872701
"[-0.009999999999999998, -0.0049999999999999975, 0.035, 0.010000000000000005, 0.0050000000000000044, 0.17]",grasping,25332,534004702,1.2333638930706257,-27.39464685194429,74.20005499506448,-0.3145504324185453,-0.8488154286562422,-0.5329928040218882
"[-0.009999999999999998, -0.0049999999999999975, 0.035, 0.010000000000000005, 0.0050000000000000044, 0.17]",grasping,25332,538004702,1.2364182860648865,-27.523035510751086,74.73069632778946,-0.31210368672316474,-0.8502029233931145,-0.535089082992886
"[-0.009999999999999998, -0.0049999999999999975, 0.035, 0.010000000000000005, 0.0050000000000000044, 0.17]",grasping,25332,542004702,1.0522894617727507,-27.563952866019832,75.0149817881998,-1.740171595212254,-0.8391978693852767,-0.5241629155349348
"[-0.009999999999999998, -0.0049999999999999975, 0.035, 0.010000000000000005, 0.0050000000000000044, 0.17]",grasping,25332,546004702,1.2049656883861708,-27.542112403868256,75.49043558752133,-0.3286064835355205,-0.8571837115397644,-0.537641389293714
"[-0.009999999999999998, -0.0049999999999999975, 0.035, 0.010000000000000005, 0.0050000000000000044, 0.17]",grasping,25332,550004702,1.0320392072910103,-27.953867027476697,75.89718917768069,-1.7192063543395286,-0.856262446998458,-0.5238256538774295
"[-0.009999999999999998, -0.0049999999999999975, 0.035, 0.010000000000000005, 0.0050000000000000044, 0.17]",grasping,25332,554004702,1.2093852911869614,-28.05767882785889,76.52819914170269,-0.2980744944445216,-0.8725070498849565,-0.5361955219075099
"[-0.009999999999999998, -0.0049999999999999975, 0.035, 0.010000000000000005, 0.0050000000000000044, 0.17]",grasping,25332,558004702,1.1980637423713656,-28.074125617490804,76.91127096925526,-0.30741034062445555,-0.8759322122727476,-0.5353731357919019
"[-0.009999999999999998, -0.0049999999999999975, 0.035, 0.010000000000000005, 0.0050000000000000044, 0.17]",grasping,25332,562004702,1.1819360099760021,-28.345148481986005,77.33812460538219,-0.2949287414308974,-0.8930887988619902,-0.5294729829569224
"[-0.009999999999999998, -0.0049999999999999975, 0.035, 0.010000000000000005, 0.0050000000000000044, 0.17]",grasping,25332,566004702,1.1877855916633067,-28.47658589912221,77.79717555807485,-0.2890346919386583,-0.8930072131943196,-0.5312502984649916
"[-0.009999999999999998, -0.0049999999999999975, 0.035, 0.010000000000000005, 0.0050000000000000044, 0.17]",grasping,25332,570004702,0.9987784236843834,-28.642517543610595,78.09271279982767,-1.7022550894428892,-0.8843104355008148,-0.5189852306859969
"[-0.009999999999999998, -0.0049999999999999975, 0.035, 0.010000000000000005, 0.0050000000000000044, 0.17]",grasping,25332,574004702,1.1766129201804207,-28.666573866386134,78.62219495850795,-0.28798823788306716,-0.9013795990156567,-0.5315824692085368
"[-0.009999999999999998, -0.0049999999999999975, 0.035, 0.010000000000000005, 0.0050000000000000044, 0.17]",grasping,25332,578004702,1.1615697293512142,-28.680182694299138,78.92624430480508,-0.2935760613914046,-0.9048067620538872,-0.5322157716016969
"[-0.009999999999999998, -0.0049999999999999975, 0.035, 0.010000000000000005, 0.0050000000000000044, 0.17]",grasping,25332,582004702,1.1437608909813037,-28.695940143020625,79.16553560131184,-0.29793137607223197,-0.9091249846670226,-0.5322227748467317
"[-0.009999999999999998, -0.0049999999999999975, 0.035, 0.010000000000000005, 0.0050000000000000044, 0.17]",grasping,25332,586004702,1.1298918518371641,-28.71219861095853,79.36146905021438,-0.3007460262844075,-0.9122870801129926,-0.532277751269857
"[-0.009999999999999998, -0.0049999999999999975, 0.035, 0.010000000000000005, 0.0050000000000000044, 0.17]",grasping,25332,590004702,0.9314783716768774,-28.764466418953607,79.2989477922893,-1.7201491802237696,-0.8990385648926682,-0.5170592596087982
"[-0.009999999999999998, -0.0049999999999999975, 0.035, 0.010000000000000005, 0.0050000000000000044, 0.17]",grasping,25332,594004702,1.1033270196098428,-28.746672123063792,79.67005872656209,-0.3033367127921693,-0.9174006731036679,-0.5324216252814995
"[-0.009999999999999998, -0.0049999999999999975, 0.035, 0.010000000000000005, 0.0050000000000000044, 0.17]",grasping,25332,598004702,1.0924507718678753,-28.764968885350097,79.79284659203046,-0.3041838668972673,-0.9196083630527961,-0.5324413483738689
"[-0.009999999999999998, -0.0049999999999999975, 0.035, 0.010000000000000005, 0.0050000000000000044, 0.17]",grasping,25332,602004702,1.0825094432086115,-28.78376670588959,79.89956162870676,-0.30429694730358003,-0.9214813658716073,-0.5323982674149053
"[-0.009999999999999998, -0.0049999999999999975, 0.035, 0.010000000000000005, 0.0050000000000000044, 0.17]",grasping,25332,606004702,1.0736851589041692,-28.80294476579578,79.99383174160901,-0.30384550219638307,-0.9230083732327682,-0.532274657986487
"[-0.009999999999999998, -0.0049999999999999975, 0.035, 0.010000000000000005, 0.0050000000000000044, 0.17]",grasping,25332,610004702,1.0658849991956352,-28.822521920951218,80.07884730112043,-0.3029647635405327,-0.9243225187600314,-0.5321023640517741
"[-0.009999999999999998, -0.0049999999999999975, 0.035, 0.010000000000000005, 0.0050000000000000044, 0.17]",grasping,25332,614004702,0.853350508457212,-28.803429048758243,80.63417660725612,-0.28231126431979503,-0.9140670309138057,-0.5241536217143159
"[-0.009999999999999998, -0.0049999999999999975, 0.035, 0.010000000000000005, 0.0050000000000000044, 0.17]",grasping,25332,618004702,0.7892515825923699,-28.849438163036908,80.81847420732767,-0.31996735247763575,-0.9463018450800248,-0.5273699380458915
"[-0.009999999999999998, -0.0049999999999999975, 0.035, 0.010000000000000005, 0.0050000000000000044, 0.17]",grasping,25332,622004702,0.7763469154699603,-28.86801681597941,81.00133061568468,-0.3217129376861901,-0.9497950379169156,-0.5272309956285017
"[-0.009999999999999998, -0.0049999999999999975, 0.035, 0.010000000000000005, 0.0050000000000000044, 0.17]",grasping,25332,626004702,0.7614420881119529,-28.88678331578783,81.14721440181889,-0.32282223354218076,-0.9529170715752473,-0.5276497590139209
"[-0.009999999999999998, -0.0049999999999999975, 0.035, 0.010000000000000005, 0.0050000000000000044, 0.17]",grasping,25332,631004702,0.7483402858393481,-28.915603847117225,81.32836407213462,-0.32246797662121907,-0.9555575920845463,-0.5274201690158739
"[-0.009999999999999998, -0.0049999999999999975, 0.035, 0.010000000000000005, 0.0050000000000000044, 0.17]",grasping,25332,635004702,0.7408027685826692,-28.951137257763023,81.39107698780192,-1.746961844699875,-0.9573050458037846,-0.5334744589768899
"[-0.009999999999999998, -0.0049999999999999975, 0.035, 0.010000000000000005, 0.0050000000000000044, 0.17]",grasping,25332,638004702,0.7377559406641906,-28.945669421273777,81.44241019661413,-0.3201211264839351,-0.9573744402506795,-0.5271520213852702
"[-0.009999999999999998, -0.0049999999999999975, 0.035, 0.010000000000000005, 0.0050000000000000044, 0.17]",grasping,25332,642004702,0.7188116005078801,-28.966208263620054,81.50286670441687,-0.3179168787851069,-0.9603906608407446,-0.5270121138273044
"[-0.009999999999999998, -0.0049999999999999975, 0.035, 0.010000000000000005, 0.0050000000000000044, 0.17]",grasping,25332,646004702,0.702282301235207,-28.986760420974104,81.56324450497952,-0.31615909956367205,-0.9625378765031104,-0.5275659095134038
"[-0.009999999999999998, -0.0049999999999999975, 0.035, 0.010000000000000005, 0.0050000000000000044, 0.17]",grasping,25332,650004702,0.6964349562223665,-29.007650548654208,81.62575318766912,-0.31366535316315675,-0.9635033568573061,-0.5271309060983408
"[-0.009999999999999998, -0.0049999999999999975, 0.035, 0.010000000000000005, 0.0050000000000000044, 0.17]",grasping,25332,654004702,0.6921199595548853,-29.02871792576606,81.67687736813404,-0.3111517310639304,-0.9640853986232132,-0.5268205958206791
"[-0.009999999999999998, -0.0049999999999999975, 0.035, 0.010000000000000005, 0.0050000000000000044, 0.17]",grasping,25332,658004702,0.6883162938075523,-29.049905975834662,81.72341810576438,-0.3084478714262895,-0.964554467368429,-0.5264842749628973
"[-0.009999999999999998, -0.0049999999999999975, 0.035, 0.010000000000000005, 0.0050000000000000044, 0.17]",grasping,25332,662004702,0.6641912880955195,-29.07141112843714,81.7676358700758,-0.3054974074564507,-0.9681313929724482,-0.526614798280755
"[-0.009999999999999998, -0.0049999999999999975, 0.035, 0.010000000000000005, 0.0050000000000000044, 0.17]",grasping,25332,666004702,0.6617213312987397,-29.093205332569358,81.80048618137162,-0.30233746896176583,-0.9682601337709941,-0.5264857160441946
"[-0.009999999999999998, -0.0049999999999999975, 0.035, 0.010000000000000005, 0.0050000000000000044, 0.17]",grasping,25332,670004702,0.6593135499721858,-29.11526592817085,81.82727660542648,-0.29886320314174614,-0.968606524611307,-0.5260023103806101
"[-0.009999999999999998, -0.0049999999999999975, 0.035, 0.010000000000000005, 0.0050000000000000044, 0.17]",grasping,25332,674004702,0.657924114559903,-29.137267554342323,81.84982815082911,-0.29528539422201877,-0.9686106688705647,-0.5255690616932849
"[-0.009999999999999998, -0.0049999999999999975, 0.035, 0.010000000000000005, 0.0050000000000000044, 0.17]",grasping,25332,678004702,0.6456883395059695,-29.159423423260723,81.87048867104049,-0.2914900597331521,-0.9703646884157617,-0.5249111276553262
"[-0.009999999999999998, -0.0049999999999999975, 0.035, 0.010000000000000005, 0.0050000000000000044, 0.17]",grasping,25332,682004702,0.6441081211347034,-29.182256125683377,81.87836554514357,-0.2873223880604293,-0.9699869713660416,-0.5253322582621144
"[-0.009999999999999998, -0.0049999999999999975, 0.035, 0.010000000000000005, 0.0050000000000000044, 0.17]",grasping,25332,686004702,0.6447186128934944,-29.205382155756432,81.87711253168874,-0.2828113153653785,-0.9701208454160737,-0.5245769984304919
"[-0.009999999999999998, -0.0049999999999999975, 0.035, 0.010000000000000005, 0.0050000000000000044, 0.17]",grasping,25332,690004702,0.6474810805573398,-29.2283128722075,81.86641358876217,-0.27808465383139114,-0.9694137055635977,-0.5240089411164242
"[-0.009999999999999998, -0.0049999999999999975, 0.035, 0.010000000000000005, 0.0050000000000000044, 0.17]",grasping,25332,694004702,0.6493284936094447,-29.251142818904015,81.84917692481933,-0.27320167419157926,-0.9687499164755595,-0.5233479424540914
"[-0.009999999999999998, -0.0049999999999999975, 0.035, 0.010000000000000005, 0.0050000000000000044, 0.17]",grasping,25332,698004702,0.6533487407569872,-29.276282436466726,81.81992800527594,-0.26723060779818025,-0.9679876097263065,-0.5231034817018255
"[-0.009999999999999998, -0.0049999999999999975, 0.035, 0.010000000000000005, 0.0050000000000000044, 0.17]",grasping,25332,702004702,0.6604216437466045,-29.32519909262651,81.76657069296468,-1.685517608118132,-0.9670631660482887,-0.5282770184658411
"[-0.009999999999999998, -0.0049999999999999975, 0.035, 0.010000000000000005, 0.0050000000000000044, 0.17]",grasping,25332,706004702,0.6699611503798243,-29.3221096418776,81.71895786381302,-0.25519413344257047,-0.9648595459721376,-0.5215535757133631
"[-0.009999999999999998, -0.0049999999999999975, 0.035, 0.010000000000000005, 0.0050000000000000044, 0.17]",grasping,25332,710004702,0.6815535891296002,-29.345215601754116,81.64359512974582,-0.2484399919554848,-0.9626435819652327,-0.5207604242306564
"[-0.009999999999999998, -0.0049999999999999975, 0.035, 0.010000000000000005, 0.0050000000000000044, 0.17]",grasping,25332,714004702,0.6802132088673889,-29.367735261294175,81.5521070979049,-0.2413457746164297,-0.9611070452957853,-0.5201438558099115
"[-0.009999999999999998, -0.0049999999999999975, 0.035, 0.010000000000000005, 0.0050000000000000044, 0.17]",grasping,25332,718004702,0.6968247886169994,-29.41350560302685,81.43876565789427,-1.6588679094220105,-0.9589890109981682,-0.5252376317051707
"[-0.009999999999999998, -0.0049999999999999975, 0.035, 0.010000000000000005, 0.0050000000000000044, 0.17]",grasping,25332,722004702,0.7032711882356611,-29.406885083718347,81.3839184490854,-0.22882087979504984,-0.957044391196766,-0.518547317178207
"[-0.009999999999999998, -0.0049999999999999975, 0.035, 0.010000000000000005, 0.0050000000000000044, 0.17]",grasping,25332,726004702,0.7086401009846812,-29.425291228867216,81.32527768588474,-0.22333468946179239,-0.9556873236453401,-0.5178834050042844
"[-0.009999999999999998, -0.0049999999999999975, 0.035, 0.010000000000000005, 0.0050000000000000044, 0.17]",grasping,25332,730004702,0.7133874551585712,-29.44339045293191,81.27905725346858,-0.21830709413355012,-0.9545203848745538,-0.5172509627571213
"[-0.009999999999999998, -0.0049999999999999975, 0.035, 0.010000000000000005, 0.0050000000000000044, 0.17]",grasping,25332,735004702,0.7162779915503238,-29.48624122103412,81.23562130116105,-1.6380699851726568,-0.9540576696802692,-0.5226822187845781
"[-0.009999999999999998, -0.0049999999999999975, 0.035, 0.010000000000000005, 0.0050000000000000044, 0.17]",grasping,25332,738004702,0.7208013287217715,-29.478791786508246,81.21441961143061,-0.20929058036372117,-0.9526693604486979,-0.5160846065876918
"[-0.009999999999999998, -0.0049999999999999975, 0.035, 0.010000000000000005, 0.0050000000000000044, 0.17]",grasping,25332,742004702,0.722033109538791,-29.521092906660453,81.1888751239485,-1.6297230589569667,-0.9525428299155243,-0.5215910218495406
"[-0.009999999999999998, -0.0049999999999999975, 0.035, 0.010000000000000005, 0.0050000000000000044, 0.17]",grasping,25332,746004702,0.7256409896680945,-29.513364337352776,81.17655757981579,-0.2012757124468507,-0.9513286831250252,-0.515033912755143
"[-0.009999999999999998, -0.0049999999999999975, 0.035, 0.010000000000000005, 0.0050000000000000044, 0.17]",grasping,25332,750004702,0.7255013043252345,-29.55527545400285,81.16341696012249,-1.6221701410019258,-0.9514529464405502,-0.5205997245071813
"[-0.009999999999999998, -0.0049999999999999975, 0.035, 0.010000000000000005, 0.0050000000000000044, 0.17]",grasping,25332,754004702,0.7283826687421429,-29.547352858366235,81.15735291151287,-0.19395456713012504,-0.9503679371847532,-0.5140735908513777
"[-0.009999999999999998, -0.0049999999999999975, 0.035, 0.010000000000000005, 0.0050000000000000044, 0.17]",grasping,25332,758004702,0.7291208095730998,-29.564188863743922,81.15299931322107,-0.19048719935535277,-0.9499978141216683,-0.513619947817998
"[-0.009999999999999998, -0.0049999999999999975, 0.035, 0.010000000000000005, 0.0050000000000000044, 0.17]",grasping,25332,762004702,0.7295101034984394,-29.5809452283382,81.15144443605304,-0.18712171447046938,-0.9496873614355066,-0.5131806266367475
"[-0.009999999999999998, -0.0049999999999999975, 0.035, 0.010000000000000005, 0.0050000000000000044, 0.17]",grasping,25332,766004702,0.7295979153093569,-29.597637919434362,81.15226770199206,-0.18384192845470798,-0.9494279813426172,-0.5127534856072858
"[-0.009999999999999998, -0.0049999999999999975, 0.035, 0.010000000000000005, 0.0050000000000000044, 0.17]",grasping,25332,770004702,0.729425807166323,-29.61428059674,81.15511419979082,-0.18063417809130045,-0.9492122856483511,-0.5123366610811024
"[-0.009999999999999998, -0.0049999999999999975, 0.035, 0.010000000000000005, 0.0050000000000000044, 0.17]",grasping,25332,774004702,0.7290299471519549,-29.630884934337466,81.15968353317211,-0.17748689597037454,-0.949033937801394,-0.5119285404803208
"[-0.009999999999999998, -0.0049999999999999975, 0.035, 0.010000000000000005, 0.0050000000000000044, 0.17]",grasping,25332,778004702,0.7262000701039635,-29.672214599710266,81.16809767653395,-1.5991596600242237,-0.9496178855275805,-0.5176035328509225
"[-0.009999999999999998, -0.0049999999999999975, 0.035, 0.010000000000000005, 0.0050000000000000044, 0.17]",grasping,25332,782004702,0.7276878204995975,-29.664017016900452,81.17301000684415,-0.17133596565991638,-0.9487683633211933,-0.5111330471173108
"[-0.009999999999999998, -0.0049999999999999975, 0.035, 0.010000000000000005, 0.0050000000000000044, 0.17]",grasping,25332,786004702,0.726791690843888,-29.680560543095115,81.1813668232476,-0.1683168966692962,-0.9486725267629529,-0.5107434553677231
"[-0.009999999999999998, -0.0049999999999999975, 0.035, 0.010000000000000005, 0.0050000000000000044, 0.17]",grasping,25332,790004702,0.725773106531504,-29.69709768573652,81.19063489860119,-0.1653270339217886,-0.9485966126395126,-0.5103580813796218
"[-0.009999999999999998, -0.0049999999999999975, 0.035, 0.010000000000000005, 0.0050000000000000044, 0.17]",grasping,25332,794004702,0.724649074062372,-29.713633741106776,81.2006810677516,-0.1623612451658995,-0.9485377277985092,-0.5099761744713512
"[-0.009999999999999998, -0.0049999999999999975, 0.035, 0.010000000000000005, 0.0050000000000000044, 0.17]",grasping,25332,798004702,0.7210502136565973,-29.754922365198762,81.21482578952433,-1.5842178353513823,-0.949246999782543,-0.5156776568838948
"[-0.009999999999999998, -0.0049999999999999975, 0.035, 0.010000000000000005, 0.0050000000000000044, 0.17]",grasping,25332,802004702,0.7197389594771706,-29.771471543165855,81.22623352666832,-1.5812911972515242,-0.9492179698004581,-0.515301336164541
"[-0.009999999999999998, -0.0049999999999999975, 0.035, 0.010000000000000005, 0.0050000000000000044, 0.17]",grasping,25332,806004702,0.7207794110042213,-29.763277399183092,81.23443612382796,-0.153567760504714,-0.9484403242745418,-0.5088452923369011
"[-0.009999999999999998, -0.0049999999999999975, 0.035, 0.010000000000000005, 0.0050000000000000044, 0.17]",grasping,25332,810004702,0.7193592803639125,-29.779848195352933,81.24661716804108,-0.15066057130446966,-0.9484282417953962,-0.5084717050327016
"[-0.009999999999999998, -0.0049999999999999975, 0.035, 0.010000000000000005, 0.0050000000000000044, 0.17]",grasping,25332,814004702,0.7178880378231606,-29.796434816376912,81.25915454178804,-0.1477611842225047,-0.9484239817421377,-0.5080991849297712
"[-0.009999999999999998, -0.0049999999999999975, 0.035, 0.010000000000000005, 0.0050000000000000044, 0.17]",grasping,25332,818004702,0.7166768055806906,-29.813021885206467,81.27207141162879,-0.1448731426884486,-0.9483890642083731,-0.5077190014147692
"[-0.009999999999999998, -0.0049999999999999975, 0.035, 0.010000000000000005, 0.0050000000000000044, 0.17]",grasping,25332,822004702,-1.9423820889496604,-29.83696175651833,82.10440360671878,-1.423700365374275,-0.88696777686006,-0.5224040936936956
"[-0.009999999999999998, -0.0049999999999999975, 0.035, 0.010000000000000005, 0.0050000000000000044, 0.17]",grasping,25332,826004702,-1.9461592313588065,-29.827894139156072,82.27418905937957,-0.0008929944033486403,-0.888489617423695,-0.5158545055339258
"[-0.009999999999999998, -0.0049999999999999975, 0.035, 0.010000000000000005, 0.0050000000000000044, 0.17]",grasping,25332,830004702,-1.9565005169310066,-29.84274402726953,82.5048644334894,-0.0004185509985292213,-0.88625971389475,-0.5153171529297698
"[-0.009999999999999998, -0.0049999999999999975, 0.035, 0.010000000000000005, 0.0050000000000000044, 0.17]",grasping,25332,834004702,-2.0306478770524103,-29.85682027717196,83.18893762905815,0.009264835525546355,-0.8906682424541615,-0.5076204375790099
"[-0.009999999999999998, -0.0049999999999999975, 0.035, 0.010000000000000005, 0.0050000000000000044, 0.17]",grasping,25332,838004702,-2.082663459611766,-29.870715438557127,83.77995930729408,0.0220802515916467,-0.8924915761196054,-0.500159170066422
"[-0.009999999999999998, -0.0049999999999999975, 0.035, 0.010000000000000005, 0.0050000000000000044, 0.17]",grasping,25332,842004702,-2.1327907612893684,-29.884421521018368,84.35814870802243,0.035985371951514744,-0.8920744023672829,-0.4936564174432131
"[-0.009999999999999998, -0.0049999999999999975, 0.035, 0.010000000000000005, 0.0050000000000000044, 0.17]",grasping,25332,846004702,-2.195940042311916,-29.898517175796954,84.95376406115453,0.050923264435402876,-0.8923647758097245,-0.48679521942476883
"[-0.009999999999999998, -0.0049999999999999975, 0.035, 0.010000000000000005, 0.0050000000000000044, 0.17]",grasping,25332,850004702,-2.2631538975090586,-29.91343528961302,85.57899591446316,0.06664082997222501,-0.8924924243771054,-0.4790823120873735
"[-0.009999999999999998, -0.0049999999999999975, 0.035, 0.010000000000000005, 0.0050000000000000044, 0.17]",grasping,25332,854004702,-2.3412931843002123,-29.92928107125006,86.24426918672883,0.08314869999955746,-0.8934126436187986,-0.4711651039880676
"[-0.009999999999999998, -0.0049999999999999975, 0.035, 0.010000000000000005, 0.0050000000000000044, 0.17]",grasping,25332,858004702,-2.3471522809769128,-29.94604356581993,86.93794765274251,0.10053369743830828,-0.8847479418136537,-0.46836881752802734
"[-0.009999999999999998, -0.0049999999999999975, 0.035, 0.010000000000000005, 0.0050000000000000044, 0.17]",grasping,25332,862004702,-2.4621054453665825,-29.964215769879047,87.65675268995587,0.11985998603550682,-0.8890363818688585,-0.4683685363760951
"[-0.009999999999999998, -0.0049999999999999975, 0.035, 0.010000000000000005, 0.0050000000000000044, 0.17]",grasping,25332,866004702,-2.5704536507399585,-29.984225980602567,88.40245930979331,0.1407164909105125,-0.8925131449894167,-0.4708120664345061
"[-0.009999999999999998, -0.0049999999999999975, 0.035, 0.010000000000000005, 0.0050000000000000044, 0.17]",grasping,25332,870004702,-2.4670599087168683,-30.005088026416132,89.1902413653549,0.1626711672378501,-0.868285036190803,-0.47413977674735475
"[-0.009999999999999998, -0.0049999999999999975, 0.035, 0.010000000000000005, 0.0050000000000000044, 0.17]",grasping,25332,874004702,-2.7389034109612886,-30.027926659425717,89.99538761301753,0.18806910137715363,-0.8898915148646052,-0.4795804072916942
"[-0.009999999999999998, -0.0049999999999999975, 0.035, 0.010000000000000005, 0.0050000000000000044, 0.17]",grasping,25332,878004702,-2.597542990072488,-30.052197749518356,90.84708011056637,0.21341523640403978,-0.8603148151951387,-0.48559924170985863
"[-0.009999999999999998, -0.0049999999999999975, 0.035, 0.010000000000000005, 0.0050000000000000044, 0.17]",grasping,25332,882004702,-2.9204483637990437,-30.078580878381366,91.69847237866202,0.24373203293477422,-0.8864808950185301,-0.49310832684382955
"[-0.009999999999999998, -0.0049999999999999975, 0.035, 0.010000000000000005, 0.0050000000000000044, 0.17]",grasping,25332,886004702,-2.954270963935723,-30.135145395849037,92.83155324383924,-1.1422227279771695,-0.873593137877281,-0.5089894785908659
"[-0.009999999999999998, -0.0049999999999999975, 0.035, 0.010000000000000005, 0.0050000000000000044, 0.17]",grasping,25332,890004702,-2.930541769508908,-30.137993409404494,93.91310569672955,0.3160031179971913,-0.8501299059224586,-0.512789723710374
"[-0.009999999999999998, -0.0049999999999999975, 0.035, 0.010000000000000005, 0.0050000000000000044, 0.17]",grasping,25332,894004702,-3.1402700648983193,-30.169941052662505,95.77086186277988,0.3743555853317905,-0.8556482025429042,-0.5222226790565702
"[-0.009999999999999998, -0.0049999999999999975, 0.035, 0.010000000000000005, 0.0050000000000000044, 0.17]",grasping,25332,898004702,-3.1428041365863795,-30.20333072812024,97.76763901637615,0.4371490897394672,-0.8328758004095574,-0.5291847802936431
"[-0.009999999999999998, -0.0049999999999999975, 0.035, 0.010000000000000005, 0.0050000000000000044, 0.17]",grasping,25332,902004702,-3.2204627003457755,-30.238452517219585,99.93797392217903,0.5048671616742954,-0.8160883681386751,-0.5336529633042013
"[-0.009999999999999998, -0.0049999999999999975, 0.035, 0.010000000000000005, 0.0050000000000000044, 0.17]",grasping,25332,906004702,-3.4445642294404277,-30.277173342024646,102.32813970400765,0.5787917963264496,-0.8133828320893006,-0.5347136821389752
"[-0.009999999999999998, -0.0049999999999999975, 0.035, 0.010000000000000005, 0.0050000000000000044, 0.17]",grasping,25332,910004702,-3.7166525055883586,-30.352086936949423,105.65976589605489,-0.7452581186042585,-0.8059512915770057,-0.5406192409253007
"[-0.009999999999999998, -0.0049999999999999975, 0.035, 0.010000000000000005, 0.0050000000000000044, 0.17]",grasping,25332,914004702,-3.9626788732050144,-30.368018888634992,107.84820505395085,0.7469648800530414,-0.8086953674508228,-0.5328184698955489
"[-0.009999999999999998, -0.0049999999999999975, 0.035, 0.010000000000000005, 0.0050000000000000044, 0.17]",grasping,25332,918004702,-4.40982879491441,-30.42136401068879,111.00484292173995,0.8432183338104143,-0.824586260276405,-0.5281240932546466
"[-0.009999999999999998, -0.0049999999999999975, 0.035, 0.010000000000000005, 0.0050000000000000044, 0.17]",grasping,25332,922004702,-4.80332082234893,-30.480241698898613,114.39317891058921,0.9495888496697346,-0.8304684408634547,-0.52170390395309
"[-0.009999999999999998, -0.0049999999999999975, 0.035, 0.010000000000000005, 0.0050000000000000044, 0.17]",grasping,25332,926004702,-5.148651154886337,-30.543788741024976,118.11238997124524,1.0657220452178708,-0.8258275364073525,-0.5129015613433263
"[-0.009999999999999998, -0.0049999999999999975, 0.035, 0.010000000000000005, 0.0050000000000000044, 0.17]",grasping,25332,930004702,-7.562012324113236,-30.56805014416173,123.30686311999843,1.3766148173962922,-0.7455114001081088,-0.490995147242261
"[-0.009999999999999998, -0.0049999999999999975, 0.035, 0.010000000000000005, 0.0050000000000000044, 0.17]",grasping,25332,934004702,-8.161459567188155,-30.6336552892792,127.14040636153642,1.4654330642518731,-0.788952914839427,-0.47742677075911477
"[-0.009999999999999998, -0.0049999999999999975, 0.035, 0.010000000000000005, 0.0050000000000000044, 0.17]",grasping,25332,938004702,-9.128222407067474,-30.70280431654874,131.06204316023525,1.570804263304563,-0.8707432329343353,-0.4511097084012158
"[-0.009999999999999998, -0.0049999999999999975, 0.035, 0.010000000000000005, 0.0050000000000000044, 0.17]",grasping,25332,942004702,-10.274702648019469,-30.78119266039166,135.33213206368097,1.6920102043134597,-0.9680001667945735,-0.4193838391665922
"[-0.009999999999999998, -0.0049999999999999975, 0.035, 0.010000000000000005, 0.0050000000000000044, 0.17]",grasping,25332,946004702,-11.591648091967205,-30.86914543531911,140.05063969315304,1.8294867592450605,-1.0804683243330455,-0.38274916199638925
"[-0.009999999999999998, -0.0049999999999999975, 0.035, 0.010000000000000005, 0.0050000000000000044, 0.17]",grasping,25332,950004702,-12.796795694460124,-30.95586378780315,147.17144166157732,2.0262795644277762,-1.185926959429561,-0.3263542579665862
"[-0.009999999999999998, -0.0049999999999999975, 0.035, 0.010000000000000005, 0.0050000000000000044, 0.17]",grasping,25332,954004702,-17.171718503506668,-30.97259275077213,156.7834992965373,2.4785222221330137,-1.427195832121637,-0.26233417837513046
"[-0.009999999999999998, -0.0049999999999999975, 0.035, 0.010000000000000005, 0.0050000000000000044, 0.17]",grasping,25332,958004702,-18.157201122236522,-31.020176330598673,163.6637844360302,2.646967384745605,-1.534672027982675,-0.21950399680210203
"[-0.009999999999999998, -0.0049999999999999975, 0.035, 0.010000000000000005, 0.0050000000000000044, 0.17]",grasping,25332,962004702,-19.07275805466174,-31.05426562044128,170.19715609765194,2.8288912281135383,-1.6363315375830954,-0.19213997521358384
"[-0.009999999999999998, -0.0049999999999999975, 0.035, 0.010000000000000005, 0.0050000000000000044, 0.17]",grasping,25332,966004702,-19.852403431282323,-31.0743935482166,175.89613988631473,2.9990242316128883,-1.7251433872665882,-0.19210557424391506
"[-0.009999999999999998, -0.0049999999999999975, 0.035, 0.010000000000000005, 0.0050000000000000044, 0.17]",grasping,25332,970004702,-20.16442920947952,-31.045832755486636,177.87833879688858,3.2173213091938493,-1.7402503719755475,-0.14656028728461618
"[-0.009999999999999998, -0.0049999999999999975, 0.035, 0.010000000000000005, 0.0050000000000000044, 0.17]",grasping,25332,974004702,-23.401224660924353,-30.901726715364006,177.78993346314266,3.341852887995818,-1.9774203222366895,-0.24941634519839917
"[-0.009999999999999998, -0.0049999999999999975, 0.035, 0.010000000000000005, 0.0050000000000000044, 0.17]",grasping,25332,978004702,-23.46874396302859,-30.931559905532644,178.98000545964558,3.2330791179574296,-2.0067304747414036,-0.3067041445477494
"[-0.009999999999999998, -0.0049999999999999975, 0.035, 0.010000000000000005, 0.0050000000000000044, 0.17]",grasping,25332,982004702,-23.4482387800714,-30.893598811597514,178.44523799674286,3.3517288643993224,-1.977165638030866,-0.2581605228790635
"[-0.009999999999999998, -0.0049999999999999975, 0.035, 0.010000000000000005, 0.0050000000000000044, 0.17]",grasping,25332,986004702,-23.570467106350357,-30.910966015398607,179.3597479897264,1.9478317636760905,-1.994493547763708,-0.26814766510717103
"[-0.009999999999999998, -0.0049999999999999975, 0.035, 0.010000000000000005, 0.0050000000000000044, 0.17]",grasping,25332,990004702,-20.428080681409387,-31.029093543786775,180.48185711437324,3.2834233979359753,-1.7624458286482965,-0.1661290643806963
"[-0.009999999999999998, -0.0049999999999999975, 0.035, 0.010000000000000005, 0.0050000000000000044, 0.17]",grasping,25332,994004702,-23.695818951237975,-30.88656364298693,180.30797607746715,3.3875664476579868,-2.008243642785159,-0.26739025821105034
"[-0.009999999999999998, -0.0049999999999999975, 0.035, 0.010000000000000005, 0.0050000000000000044, 0.17]",grasping,25332,998004702,-23.814879572240518,-30.88853625389018,181.30388580387887,3.3824467023526616,-2.010974577430008,-0.28235737123527305
"[-0.009999999999999998, -0.0049999999999999975, 0.035, 0.010000000000000005, 0.0050000000000000044, 0.17]",grasping,25333,2004702,-20.74170244048601,-31.02475072511491,182.7819317688302,3.344442550785972,-1.7989975703326946,-0.17392132561604245
"[-0.009999999999999998, -0.0049999999999999975, 0.035, 0.010000000000000005, 0.0050000000000000044, 0.17]",grasping,25333,6004702,-23.9566902358497,-30.881317226695973,182.2167787440557,3.417928893108882,-2.0377503408030133,-0.27740734402662415
"[-0.009999999999999998, -0.0049999999999999975, 0.035, 0.010000000000000005, 0.0050000000000000044, 0.17]",grasping,25333,10004702,-24.075641806577554,-30.940824302302765,183.87545480665585,3.2676651366060816,-2.0639422593600565,-0.32618259114300824
"[-0.009999999999999998, -0.0049999999999999975, 0.035, 0.010000000000000005, 0.0050000000000000044, 0.17]",grasping,25333,14004702,-24.131521753001515,-30.881504593740765,183.39221077421473,3.4233369505037734,-2.0528456106540904,-0.28393088189843874
"[-0.009999999999999998, -0.0049999999999999975, 0.035, 0.010000000000000005, 0.0050000000000000044, 0.17]",grasping,25333,18004702,-24.24418726856091,-30.882807917583833,184.33660393304274,3.4073656550383804,-2.0645036013898665,-0.3010160075163204
"[-0.009999999999999998, -0.0049999999999999975, 0.035, 0.010000000000000005, 0.0050000000000000044, 0.17]",grasping,25333,22004702,-24.33102305185408,-30.8794408565296,184.6062947165407,3.428392724320211,-2.069636719977561,-0.28947806755186173
"[-0.009999999999999998, -0.0049999999999999975, 0.035, 0.010000000000000005, 0.0050000000000000044, 0.17]",grasping,25333,26004702,-24.45709040806925,-30.86420166306418,185.4640044904734,3.458911818204333,-2.0836341634524693,-0.29498301093196994
"[-0.009999999999999998, -0.0049999999999999975, 0.035, 0.010000000000000005, 0.0050000000000000044, 0.17]",grasping,25333,30004702,-24.56154500264848,-30.97434181716566,187.3705786217039,3.2242776800287745,-2.1208247848787347,-0.3250843887031437
"[-0.009999999999999998, -0.0049999999999999975, 0.035, 0.010000000000000005, 0.0050000000000000044, 0.17]",grasping,25333,34004702,-21.655556183526215,-31.009769111329074,188.8773436021255,3.5505518700410326,-1.9012125469896661,-0.20832374080851046
"[-0.009999999999999998, -0.0049999999999999975, 0.035, 0.010000000000000005, 0.0050000000000000044, 0.17]",grasping,25333,38004702,-21.828393078978745,-31.030443347695165,189.8093613843205,2.173034868164325,-1.9193127103119145,-0.22579642353857826
"[-0.009999999999999998, -0.0049999999999999975, 0.035, 0.010000000000000005, 0.0050000000000000044, 0.17]",grasping,25333,42004702,-21.972153378720684,-31.02077292039025,190.77230645321666,2.2445353880763985,-1.9232482261691646,-0.23632019332362303
"[-0.009999999999999998, -0.0049999999999999975, 0.035, 0.010000000000000005, 0.0050000000000000044, 0.17]",grasping,25333,46004702,-25.154338624755685,-30.843979750930437,189.10654980425628,3.5035693464251865,-2.143561015732821,-0.3198528183709518
"[-0.009999999999999998, -0.0049999999999999975, 0.035, 0.010000000000000005, 0.0050000000000000044, 0.17]",grasping,25333,50004702,-25.327862910828777,-30.83922250606524,189.86847874507083,3.5153068294745586,-2.168431802208844,-0.3253638474339305
"[-0.009999999999999998, -0.0049999999999999975, 0.035, 0.010000000000000005, 0.0050000000000000044, 0.17]",grasping,25333,54004702,-25.40462295783,-30.822941875349958,190.11897783841601,3.499875574123117,-2.1714357762634524,-0.3303549592789634
"[-0.009999999999999998, -0.0049999999999999975, 0.035, 0.010000000000000005, 0.0050000000000000044, 0.17]",grasping,25333,58004702,-22.39219425221507,-30.956245994852427,192.72231781276324,3.7649875491814604,-1.9817005011584625,-0.2453747435328461
"[-0.009999999999999998, -0.0049999999999999975, 0.035, 0.010000000000000005, 0.0050000000000000044, 0.17]",grasping,25333,62004702,-25.428239046183318,-31.01222651544772,191.11721313446554,3.1565019562945262,-2.219667718188293,-0.3206473218226141
"[-0.009999999999999998, -0.0049999999999999975, 0.035, 0.010000000000000005, 0.0050000000000000044, 0.17]",grasping,25333,66004702,-25.466746248888672,-30.84777094150792,190.2870918380897,3.3263202736403445,-2.203452345093769,-0.3586289977255532
"[-0.009999999999999998, -0.0049999999999999975, 0.035, 0.010000000000000005, 0.0050000000000000044, 0.17]",grasping,25333,70004702,-22.426992585558896,-30.95703016432474,192.94032054585574,3.772010149181485,-1.9781751071460838,-0.2449223588681056
"[-0.009999999999999998, -0.0049999999999999975, 0.035, 0.010000000000000005, 0.0050000000000000044, 0.17]",grasping,25333,74004702,-25.45810947301136,-31.022072339878907,191.27409511907496,3.160263889731385,-2.2212513699531105,-0.3157333852212164
"[-0.009999999999999998, -0.0049999999999999975, 0.035, 0.010000000000000005, 0.0050000000000000044, 0.17]",grasping,25333,78004702,-25.47051411570889,-30.853602732115984,190.35088065785388,3.3161592471658365,-2.205440438591646,-0.3596563833869378
"[-0.009999999999999998, -0.0049999999999999975, 0.035, 0.010000000000000005, 0.0050000000000000044, 0.17]",grasping,25333,82004702,-22.418703919003697,-30.960343025969372,192.98602908846092,3.7753187286668384,-1.9766032421136388,-0.24509153179329368
"[-0.009999999999999998, -0.0049999999999999975, 0.035, 0.010000000000000005, 0.0050000000000000044, 0.17]",grasping,25333,86004702,-25.445414187235283,-31.028224530295578,191.31861622975234,3.1632245630975135,-2.219619444771102,-0.3149172777470835
"[-0.009999999999999998, -0.0049999999999999975, 0.035, 0.010000000000000005, 0.0050000000000000044, 0.17]",grasping,25333,90004702,-25.438452320649382,-31.049010900771005,191.30675130431075,1.7460933225201982,-2.2181516732651585,-0.3207531804805184
"[-0.009999999999999998, -0.0049999999999999975, 0.035, 0.010000000000000005, 0.0050000000000000044, 0.17]",grasping,25333,94004702,-25.406312105286055,-30.817833208342712,190.26659641638327,3.3454347391913344,-2.1996174892620632,-0.36893404181323863
"[-0.009999999999999998, -0.0049999999999999975, 0.035, 0.010000000000000005, 0.0050000000000000044, 0.17]",grasping,25333,98004702,-25.433910872111003,-30.99680690750961,191.24770881960168,3.1574222679631943,-2.2387145663476584,-0.33366622783406963
"[-0.009999999999999998, -0.0049999999999999975, 0.035, 0.010000000000000005, 0.0050000000000000044, 0.17]",grasping,25333,102004702,-22.399836775880424,-31.018959734324362,193.33244094935847,3.6105979737978635,-1.9892672068744468,-0.2704898693372125
"[-0.009999999999999998, -0.0049999999999999975, 0.035, 0.010000000000000005, 0.0050000000000000044, 0.17]",grasping,25333,106004702,-22.358227618807785,-30.976029640157886,193.36499631439966,3.64749109982176,-1.9802852341800121,-0.28063902171428334
"[-0.009999999999999998, -0.0049999999999999975, 0.035, 0.010000000000000005, 0.0050000000000000044, 0.17]",grasping,25333,110004702,-22.348882363276836,-30.978011073396427,193.36985443242247,3.646565054125466,-1.9791605988273766,-0.2815817152116421
"[-0.009999999999999998, -0.0049999999999999975, 0.035, 0.010000000000000005, 0.0050000000000000044, 0.17]",grasping,25333,114004702,-22.34178289466402,-30.980072068180444,193.38425051385784,3.647285153545138,-1.978312846742959,-0.2816243962361922
"[-0.009999999999999998, -0.0049999999999999975, 0.035, 0.010000000000000005, 0.0050000000000000044, 0.17]",grasping,25333,118004702,-25.41455578912246,-31.010027247915154,191.31365599226535,1.7763860975299828,-2.2392326840743673,-0.3406516438819184
"[-0.009999999999999998, -0.0049999999999999975, 0.035, 0.010000000000000005, 0.0050000000000000044, 0.17]",grasping,25333,122004702,-22.328147039859253,-30.984122570292563,193.41452135217185,3.648909591737512,-1.9769064005952557,-0.2816283848108344
"[-0.009999999999999998, -0.0049999999999999975, 0.035, 0.010000000000000005, 0.0050000000000000044, 0.17]",grasping,25333,126004702,-22.32127390423203,-30.986218284630844,193.42839036646038,3.649766719390293,-1.9762673148321717,-0.2816118896283195
"[-0.009999999999999998, -0.0049999999999999975, 0.035, 0.010000000000000005, 0.0050000000000000044, 0.17]",grasping,25333,130004702,-22.31430393952915,-30.98835136412617,193.44122417384312,3.650662112929512,-1.9756473276830986,-0.2815905894240289
"[-0.009999999999999998, -0.0049999999999999975, 0.035, 0.010000000000000005, 0.0050000000000000044, 0.17]",grasping,25333,134004702,-22.307242509346057,-30.990518489206146,193.45312482945988,3.6515918958151707,-1.975039599452136,-0.2815683587134688
"[-0.009999999999999998, -0.0049999999999999975, 0.035, 0.010000000000000005, 0.0050000000000000044, 0.17]",grasping,25333,138004702,-22.300105030598104,-30.99271276251055,193.4642360019395,3.6525499930221828,-1.974440507520954,-0.28154606064022547
"[-0.009999999999999998, -0.0049999999999999975, 0.035, 0.010000000000000005, 0.0050000000000000044, 0.17]",grasping,25333,142004702,-22.292908689497207,-30.99492852645192,193.4746993903258,3.653530640270987,-1.9738479881389983,-0.28152401794967835
"[-0.009999999999999998, -0.0049999999999999975, 0.035, 0.010000000000000005, 0.0050000000000000044, 0.17]",grasping,25333,146004702,-22.28566919635918,-30.997162491538774,193.48464594298915,3.654527777093758,-1.9732615116844976,-0.2815022663084467
"[-0.009999999999999998, -0.0049999999999999975, 0.035, 0.010000000000000005, 0.0050000000000000044, 0.17]",grasping,25333,150004702,-22.27839691026249,-30.999413470164686,193.49419798508046,3.6555330820230307,-1.9726827268659612,-0.28148153361072137
"[-0.009999999999999998, -0.0049999999999999975, 0.035, 0.010000000000000005, 0.0050000000000000044, 0.17]",grasping,25333,154004702,-22.27110359088396,-31.00167413824988,193.50340810098177,3.656549624334942,-1.972107431358238,-0.2814616927522959
"[-0.009999999999999998, -0.0049999999999999975, 0.035, 0.010000000000000005, 0.0050000000000000044, 0.17]",grasping,25333,158004702,-22.263800083623448,-31.003943499172973,193.51234624340367,3.6575741688824954,-1.971535389191912,-0.2814421188743995
"[-0.009999999999999998, -0.0049999999999999975, 0.035, 0.010000000000000005, 0.0050000000000000044, 0.17]",grasping,25333,162004702,-25.185715746979373,-31.04836503143007,191.38010507932282,3.084073094251595,-2.2429360819367425,-0.36970439214463735
"[-0.009999999999999998, -0.0049999999999999975, 0.035, 0.010000000000000005, 0.0050000000000000044, 0.17]",grasping,25333,166004702,-25.255275037947317,-31.011872499662893,191.270984981333,3.2133866574121117,-2.2247679486908574,-0.3424670253231925
"[-0.009999999999999998, -0.0049999999999999975, 0.035, 0.010000000000000005, 0.0050000000000000044, 0.17]",grasping,25333,170004702,-22.117203645605066,-30.960780691327578,193.20293415645222,3.6341512578452497,-1.9662803808082685,-0.30619244594387773
"[-0.009999999999999998, -0.0049999999999999975, 0.035, 0.010000000000000005, 0.0050000000000000044, 0.17]",grasping,25333,174004702,-25.12990937601698,-31.038662572133926,191.22461559448564,3.072489581417438,-2.2416979448828553,-0.37765057517027656
"[-0.009999999999999998, -0.0049999999999999975, 0.035, 0.010000000000000005, 0.0050000000000000044, 0.17]",grasping,25333,178004702,-22.182686603545164,-31.158985023486082,194.1414916907539,3.503877178444578,-2.0061843961943797,-0.2560568382708168
"[-0.009999999999999998, -0.0049999999999999975, 0.035, 0.010000000000000005, 0.0050000000000000044, 0.17]",grasping,25333,182004702,-25.109500367595597,-31.029501108006723,191.23266034598572,3.0986475547549777,-2.241743677033112,-0.3796503669633735
"[-0.009999999999999998, -0.0049999999999999975, 0.035, 0.010000000000000005, 0.0050000000000000044, 0.17]",grasping,25333,186004702,-22.062943446930174,-30.96265544970619,193.167165918164,3.6477697801843503,-1.9604514866395222,-0.3084899767075544
"[-0.009999999999999998, -0.0049999999999999975, 0.035, 0.010000000000000005, 0.0050000000000000044, 0.17]",grasping,25333,190004702,-22.142967338505194,-31.11895844449615,194.1638537801554,3.588587611082294,-1.995462663161793,-0.25859267650035817
"[-0.009999999999999998, -0.0049999999999999975, 0.035, 0.010000000000000005, 0.0050000000000000044, 0.17]",grasping,25333,194004702,-25.07746879757935,-31.03115128640968,191.2354210267106,3.0972498418631615,-2.24073913898482,-0.381650401072477
"[-0.009999999999999998, -0.0049999999999999975, 0.035, 0.010000000000000005, 0.0050000000000000044, 0.17]",grasping,25333,198004702,-22.031310587553534,-30.966163882655067,193.18754714397883,3.6504920052586773,-1.9580662859929008,-0.3086641800464893
"[-0.009999999999999998, -0.0049999999999999975, 0.035, 0.010000000000000005, 0.0050000000000000044, 0.17]",grasping,25333,202004702,-22.111373047850893,-31.123115938353113,194.18674583815127,3.5903047382603708,-1.9937278041193678,-0.2588365415356741
"[-0.009999999999999998, -0.0049999999999999975, 0.035, 0.010000000000000005, 0.0050000000000000044, 0.17]",grasping,25333,206004702,-25.045245573107707,-31.03420581391405,191.24975621391243,3.0964540251425956,-2.2393503270818913,-0.38251093177054624
"[-0.009999999999999998, -0.0049999999999999975, 0.035, 0.010000000000000005, 0.0050000000000000044, 0.17]",grasping,25333,212004702,-25.029008317077675,-31.036083795385455,191.2572894471452,3.0960767085043766,-2.238702578796891,-0.3829139935468686
"[-0.009999999999999998, -0.0049999999999999975, 0.035, 0.010000000000000005, 0.0050000000000000044, 0.17]",grasping,25333,214004702,-22.079655458263115,-31.127427534626424,194.20965323880986,3.5923425714699757,-1.9919051682604993,-0.2593502434267709
"[-0.009999999999999998, -0.0049999999999999975, 0.035, 0.010000000000000005, 0.0050000000000000044, 0.17]",grasping,25333,218004702,-25.012977130191704,-31.037599863734314,191.2639200257273,3.095740032983031,-2.2380181504679233,-0.3833850222786128
"[-0.009999999999999998, -0.0049999999999999975, 0.035, 0.010000000000000005, 0.0050000000000000044, 0.17]",grasping,25333,222004702,-22.056941727167047,-31.151156160354372,194.22747475237261,2.1680638593626185,-1.9912441571131108,-0.2656891864374035
"[-0.009999999999999998, -0.0049999999999999975, 0.035, 0.010000000000000005, 0.0050000000000000044, 0.17]",grasping,25333,226004702,-22.0483991256439,-31.131589189387366,194.23131479004195,3.5940393994599016,-1.9901571728647023,-0.2595769413246271
"[-0.009999999999999998, -0.0049999999999999975, 0.035, 0.010000000000000005, 0.0050000000000000044, 0.17]",grasping,25333,230004702,-22.020630976394056,-31.12052056379187,194.18283372709547,3.637370610821101,-1.980375034841075,-0.2573311149958952
"[-0.009999999999999998, -0.0049999999999999975, 0.035, 0.010000000000000005, 0.0050000000000000044, 0.17]",grasping,25333,234004702,-22.0135740389297,-31.122901942237313,194.18934572678646,3.638186477590921,-1.9801938162489603,-0.2569402528017873
"[-0.009999999999999998, -0.0049999999999999975, 0.035, 0.010000000000000005, 0.0050000000000000044, 0.17]",grasping,25333,238004702,-22.00514659389395,-31.12464182085252,194.19669557187078,3.6388839168413,-1.9797276664198808,-0.25702344028093754
"[-0.009999999999999998, -0.0049999999999999975, 0.035, 0.010000000000000005, 0.0050000000000000044, 0.17]",grasping,25333,242004702,-21.996684684261254,-31.1264645275035,194.2035310230544,3.639626203111264,-1.9792341969854654,-0.25707754775221314
"[-0.009999999999999998, -0.0049999999999999975, 0.035, 0.010000000000000005, 0.0050000000000000044, 0.17]",grasping,25333,246004702,-21.94148495945764,-31.2185252429585,194.35938182779003,1.953451482962463,-2.0093607269087395,-0.2969650585976543
"[-0.009999999999999998, -0.0049999999999999975, 0.035, 0.010000000000000005, 0.0050000000000000044, 0.17]",grasping,25333,250004702,-21.979911756692932,-31.130148334535445,194.21716897732918,3.6410812193869013,-1.9782734208823687,-0.2571640558456518
"[-0.009999999999999998, -0.0049999999999999975, 0.035, 0.010000000000000005, 0.0050000000000000044, 0.17]",grasping,25333,254004702,-21.971579014284934,-31.13199751212793,194.22394097818267,3.6418044055607015,-1.9777971319130458,-0.2572037893662208
"[-0.009999999999999998, -0.0049999999999999975, 0.035, 0.010000000000000005, 0.0050000000000000044, 0.17]",grasping,25333,258004702,-21.915979383186677,-31.22425135720099,194.38184362777397,1.9548199577642482,-2.0077728884463855,-0.29711562204247655
"[-0.009999999999999998, -0.0049999999999999975, 0.035, 0.010000000000000005, 0.0050000000000000044, 0.17]",grasping,25333,262004702,-21.801332072864703,-30.92665343477079,193.0722093178846,3.7628093828310707,-1.9369757738547468,-0.3081935124534463
"[-0.009999999999999998, -0.0049999999999999975, 0.035, 0.010000000000000005, 0.0050000000000000044, 0.17]",grasping,25333,266004702,-21.861576302638724,-31.10575289560805,194.0902940925737,3.407402792749069,-2.0125270439858784,-0.31668692625072403
"[-0.009999999999999998, -0.0049999999999999975, 0.035, 0.010000000000000005, 0.0050000000000000044, 0.17]",grasping,25333,270004702,-21.831771837129573,-31.106775384125463,194.0832949644111,3.4504045274160338,-2.0034708211701866,-0.3164010364230604
"[-0.009999999999999998, -0.0049999999999999975, 0.035, 0.010000000000000005, 0.0050000000000000044, 0.17]",grasping,25333,274004702,-21.81330790303242,-31.106481101706727,194.06369933625126,3.4566489891481758,-2.000878870978466,-0.31753704480378875
"[-0.009999999999999998, -0.0049999999999999975, 0.035, 0.010000000000000005, 0.0050000000000000044, 0.17]",grasping,25333,278004702,-21.799930997150604,-31.10811802571457,194.06286682721483,3.457741608910656,-1.9997858279562741,-0.31822337039063087
"[-0.009999999999999998, -0.0049999999999999975, 0.035, 0.010000000000000005, 0.0050000000000000044, 0.17]",grasping,25333,282004702,-21.786430627736795,-31.131094639367667,194.07270237412357,2.033080948477611,-1.9994786101068822,-0.32472241213854214
"[-0.009999999999999998, -0.0049999999999999975, 0.035, 0.010000000000000005, 0.0050000000000000044, 0.17]",grasping,25333,286004702,-21.77567147269864,-31.13302083862945,194.08156446694332,2.033689150289295,-1.9988360047397642,-0.32486306291736045
"[-0.009999999999999998, -0.0049999999999999975, 0.035, 0.010000000000000005, 0.0050000000000000044, 0.17]",grasping,25333,290004702,-21.7669909506449,-31.11387814922241,194.0871392767131,3.459689057220015,-1.9977379637424992,-0.3187822355635981
"[-0.009999999999999998, -0.0049999999999999975, 0.035, 0.010000000000000005, 0.0050000000000000044, 0.17]",grasping,25333,294004702,-21.75647704092513,-31.11584009015403,194.09665020350224,3.460267257323853,-1.9971423718891546,-0.31888236104151163
"[-0.009999999999999998, -0.0049999999999999975, 0.035, 0.010000000000000005, 0.0050000000000000044, 0.17]",grasping,25333,298004702,-21.74600411957112,-31.11781430950526,194.10615721867075,3.4608502713484053,-1.996553483744502,-0.318979064351704
"[-0.009999999999999998, -0.0049999999999999975, 0.035, 0.010000000000000005, 0.0050000000000000044, 0.17]",grasping,25333,302004702,-21.735557869118068,-31.11979744413187,194.1156073554558,3.4614402556698898,-1.9959676559635149,-0.319075566879752
"[-0.009999999999999998, -0.0049999999999999975, 0.035, 0.010000000000000005, 0.0050000000000000044, 0.17]",grasping,25333,306004702,-21.725135971118853,-31.1217874404989,194.12499278512297,3.4620364629773666,-1.9953837188788193,-0.31917259589845115
"[-0.009999999999999998, -0.0049999999999999975, 0.035, 0.010000000000000005, 0.0050000000000000044, 0.17]",grasping,25333,310004702,-21.712886323945153,-31.144887135155464,194.13810437327717,2.037225603502809,-1.9952970268713828,-0.3254587226095581
"[-0.009999999999999998, -0.0049999999999999975, 0.035, 0.010000000000000005, 0.0050000000000000044, 0.17]",grasping,25333,314004702,-21.704371060135806,-31.125783172775957,194.143596094124,3.4632422629327433,-1.9942205571279812,-0.3193676873438405
"[-0.009999999999999998, -0.0049999999999999975, 0.035, 0.010000000000000005, 0.0050000000000000044, 0.17]",grasping,25333,318004702,-21.694031802048247,-31.127787423929902,194.15283066116606,3.4638496155535106,-1.9936413436210894,-0.31946515498125494
"[-0.009999999999999998, -0.0049999999999999975, 0.035, 0.010000000000000005, 0.0050000000000000044, 0.17]",grasping,25333,322004702,-21.683723574094298,-31.129795093065784,194.1620278702756,3.4644585059269555,-1.9930638321642005,-0.3195619811034323
"[-0.009999999999999998, -0.0049999999999999975, 0.035, 0.010000000000000005, 0.0050000000000000044, 0.17]",grasping,25333,326004702,-21.673447467638677,-31.131805491720574,194.1711939442258,3.4650686317252832,-1.9924879339821409,-0.31965776107062177
"[-0.009999999999999998, -0.0049999999999999975, 0.035, 0.010000000000000005, 0.0050000000000000044, 0.17]",grasping,25333,330004702,-21.663203907751026,-31.133819015251397,194.18033337056275,3.4656796465144017,-1.9919137731999754,-0.31975276054940205
"[-0.009999999999999998, -0.0049999999999999975, 0.035, 0.010000000000000005, 0.0050000000000000044, 0.17]",grasping,25333,334004702,-21.652993245405554,-31.13583546993207,194.1894484650951,3.4662913406485156,-1.9913413447924735,-0.3198468807915139
"[-0.009999999999999998, -0.0049999999999999975, 0.035, 0.010000000000000005, 0.0050000000000000044, 0.17]",grasping,25333,338004702,-21.641018028822756,-31.158964392431056,194.2022719918309,2.0414937220567113,-1.9912693322581902,-0.32612732096714386
"[-0.009999999999999998, -0.0049999999999999975, 0.035, 0.010000000000000005, 0.0050000000000000044, 0.17]",grasping,25333,342004702,-21.63267148284368,-31.139876603580568,194.20761231707155,3.467516062866704,-1.9902016902025927,-0.3200321842356646
"[-0.009999999999999998, -0.0049999999999999975, 0.035, 0.010000000000000005, 0.0050000000000000044, 0.17]",grasping,25333,346004702,-21.62256059365556,-31.14190107117864,194.2166634001782,3.4681288462500093,-1.9896344632285128,-0.3201232614330093
"[-0.009999999999999998, -0.0049999999999999975, 0.035, 0.010000000000000005, 0.0050000000000000044, 0.17]",grasping,25333,350004702,-21.61248333035105,-31.14392741829588,194.22569387340621,3.4687413807190985,-1.9890690584380326,-0.3202129989432521
"[-0.009999999999999998, -0.0049999999999999975, 0.035, 0.010000000000000005, 0.0050000000000000044, 0.17]",grasping,25333,354004702,-21.602448705403486,-31.145934369312524,194.234660009376,3.4693446319812593,-1.9885059488145205,-0.3202939959561788
"[-0.009999999999999998, -0.0049999999999999975, 0.035, 0.010000000000000005, 0.0050000000000000044, 0.17]",grasping,25333,358004702,-21.592450246352513,-31.147950746609943,194.2436321569045,3.4699505305573504,-1.9879440414011296,-0.32037492029961945
"[-0.009999999999999998, -0.0049999999999999975, 0.035, 0.010000000000000005, 0.0050000000000000044, 0.17]",grasping,25333,362004702,-21.58248316161529,-31.149980594272,194.25261191990123,3.4705594598753713,-1.9873845992863366,-0.32045810407815684
"[-0.009999999999999998, -0.0049999999999999975, 0.035, 0.010000000000000005, 0.0050000000000000044, 0.17]",grasping,25333,366004702,-21.57254659833332,-31.15201331933154,194.26157015218138,3.471169966198347,-1.9868265635497189,-0.3205409735761464
"[-0.009999999999999998, -0.0049999999999999975, 0.035, 0.010000000000000005, 0.0050000000000000044, 0.17]",grasping,25333,370004702,-21.562641463102153,-31.154049468875485,194.27051021476598,3.4717812109834276,-1.9862700886450262,-0.320623364914197
"[-0.009999999999999998, -0.0049999999999999975, 0.035, 0.010000000000000005, 0.0050000000000000044, 0.17]",grasping,25333,374004702,-21.55104633526598,-31.177203446235357,194.28312204681097,2.0469829407688924,-1.9862180406879568,-0.32688937851442
"[-0.009999999999999998, -0.0049999999999999975, 0.035, 0.010000000000000005, 0.0050000000000000044, 0.17]",grasping,25333,378004702,-21.54121235821727,-31.179247288676315,194.29202453657786,2.0475957473962607,-1.9856651821958116,-0.32697052682772737
"[-0.009999999999999998, -0.0049999999999999975, 0.035, 0.010000000000000005, 0.0050000000000000044, 0.17]",grasping,25333,382004702,-21.533115768278677,-31.16017840833048,194.29723020984463,3.4736191080018255,-1.9846102891218989,-0.32086724595115
"[-0.009999999999999998, -0.0049999999999999975, 0.035, 0.010000000000000005, 0.0050000000000000044, 0.17]",grasping,25333,386004702,-21.523336971293627,-31.162228179985835,194.30610438956327,3.474233065096407,-1.9840602441607575,-0.320947416273641
"[-0.009999999999999998, -0.0049999999999999975, 0.035, 0.010000000000000005, 0.0050000000000000044, 0.17]",grasping,25333,390004702,-21.513589587993895,-31.16428132581194,194.31496252177158,3.474847670635969,-1.9835118051739935,-0.32102702432177055
"[-0.009999999999999998, -0.0049999999999999975, 0.035, 0.010000000000000005, 0.0050000000000000044, 0.17]",grasping,25333,394004702,-21.503873524959875,-31.166337831258087,194.32380467672132,3.4754629198456928,-1.9829649675736445,-0.32110607151050163
"[-0.009999999999999998, -0.0049999999999999975, 0.035, 0.010000000000000005, 0.0050000000000000044, 0.17]",grasping,25333,398004702,-21.492514178602264,-31.1895171906768,194.3362954681766,2.050669564002219,-1.9829249960657858,-0.32736783820133886
"[-0.009999999999999998, -0.0049999999999999975, 0.035, 0.010000000000000005, 0.0050000000000000044, 0.17]",grasping,25333,402004702,-21.48453497753703,-31.170460860962244,194.3414412910617,3.476695332584298,-1.9818760773830055,-0.3212624898191697
"[-0.009999999999999998, -0.0049999999999999975, 0.035, 0.010000000000000005, 0.0050000000000000044, 0.17]",grasping,25333,406004702,-21.474912300565833,-31.17252735468801,194.35023585712403,3.4773124885602837,-1.98133401501795,-0.32133986439409074
"[-0.009999999999999998, -0.0049999999999999975, 0.035, 0.010000000000000005, 0.0050000000000000044, 0.17]",grasping,25333,410004702,-21.465320559346388,-31.174597147085652,194.3590146621291,3.4779302728441457,-1.980793534568273,-0.3214166849501801
"[-0.009999999999999998, -0.0049999999999999975, 0.035, 0.010000000000000005, 0.0050000000000000044, 0.17]",grasping,25333,414004702,-21.455759657411622,-31.17667022272325,194.36777775402638,3.4785486820060747,-1.9802546312103642,-0.3214929532738807
"[-0.009999999999999998, -0.0049999999999999975, 0.035, 0.010000000000000005, 0.0050000000000000044, 0.17]",grasping,25333,418004702,-21.446229498363593,-31.178746566194434,194.37652517977293,3.479167712554578,-1.9797173000966115,-0.32156867117434484
"[-0.009999999999999998, -0.0049999999999999975, 0.035, 0.010000000000000005, 0.0050000000000000044, 0.17]",grasping,25333,422004702,-21.435101731002387,-31.20195064035612,194.38889788572018,2.05437906089362,-1.9796892037106306,-0.32782625051517283
"[-0.009999999999999998, -0.0049999999999999975, 0.035, 0.010000000000000005, 0.0050000000000000044, 0.17]",grasping,25333,427004702,-21.425640394047736,-31.20403428787062,194.39761021375554,2.054999478590758,-1.9791553979173488,-0.3279007297542682
"[-0.009999999999999998, -0.0049999999999999975, 0.035, 0.010000000000000005, 0.0050000000000000044, 0.17]",grasping,25333,430004702,-21.417822517765227,-31.184995049322357,194.40267391437015,3.4810284991855465,-1.9781146918281183,-0.3217925401827601
"[-0.009999999999999998, -0.0049999999999999975, 0.035, 0.010000000000000005, 0.0050000000000000044, 0.17]",grasping,25333,434004702,-21.40841437056461,-31.187084310144318,194.41135912789412,3.4816499819890216,-1.9775836013693395,-0.3218660743150763
"[-0.009999999999999998, -0.0049999999999999975, 0.035, 0.010000000000000005, 0.0050000000000000044, 0.17]",grasping,25333,438004702,-21.397438588050576,-31.21030447604114,194.42365425832156,2.056864382184108,-1.9775633006879014,-0.3281209071620682
"[-0.009999999999999998, -0.0049999999999999975, 0.035, 0.010000000000000005, 0.0050000000000000044, 0.17]",grasping,25333,442004702,-21.389688773851557,-31.19127238970877,194.42868327292092,3.482894758883731,-1.9765260602581274,-0.32201152002182226
"[-0.009999999999999998, -0.0049999999999999975, 0.035, 0.010000000000000005, 0.0050000000000000044, 0.17]",grasping,25333,446004702,-21.380371134623847,-31.19337117809596,194.43732229173096,3.4835180464691953,-1.9759996000522717,-0.3220834352342614
"[-0.009999999999999998, -0.0049999999999999975, 0.035, 0.010000000000000005, 0.0050000000000000044, 0.17]",grasping,25333,450004702,-21.371083475498345,-31.19547311203821,194.44594599935948,3.484141929167574,-1.9754746738171922,-0.32215481430143583
"[-0.009999999999999998, -0.0049999999999999975, 0.035, 0.010000000000000005, 0.0050000000000000044, 0.17]",grasping,25333,454004702,-21.36025777881779,-31.21870906531008,194.458164428946,2.0593593163238446,-1.9754620734019848,-0.32840693671225
"[-0.009999999999999998, -0.0049999999999999975, 0.035, 0.010000000000000005, 0.0050000000000000044, 0.17]",grasping,25333,458004702,-21.352597721157775,-31.199686356298557,194.46314765335558,3.4853914671454405,-1.9744294041779744,-0.32229597148753036
"[-0.009999999999999998, -0.0049999999999999975, 0.035, 0.010000000000000005, 0.0050000000000000044, 0.17]",grasping,25333,462004702,-21.343399438465323,-31.201797636583144,194.47172568537638,3.486017116074227,-1.973909051395082,-0.32236575309179627
"[-0.009999999999999998, -0.0049999999999999975, 0.035, 0.010000000000000005, 0.0050000000000000044, 0.17]",grasping,25333,466004702,-21.332685073038252,-31.225045232887055,194.48388715286185,2.0612367014952464,-1.9739021642446588,-0.32861586607371945
"[-0.009999999999999998, -0.0049999999999999975, 0.035, 0.010000000000000005, 0.0050000000000000044, 0.17]",grasping,25333,470004702,-21.325091595383878,-31.206029438816778,194.48883637290547,3.4872701577353604,-1.9728728865257128,-0.32250373115780795
"[-0.009999999999999998, -0.0049999999999999975, 0.035, 0.010000000000000005, 0.0050000000000000044, 0.17]",grasping,25333,474004702,-21.31598184919503,-31.20814993103764,194.49736911328213,3.487897544142549,-1.9723570651351554,-0.32257193118094674
"[-0.009999999999999998, -0.0049999999999999975, 0.035, 0.010000000000000005, 0.0050000000000000044, 0.17]",grasping,25333,478004702,-21.306901429783153,-31.210273464232763,194.50588684070533,3.488525503483652,-1.9718427448472358,-0.3226396074829434
"[-0.009999999999999998, -0.0049999999999999975, 0.035, 0.010000000000000005, 0.0050000000000000044, 0.17]",grasping,25333,482004702,-21.297850244991434,-31.2124000236678,194.5143895974749,3.4891540324960397,-1.9713299211409223,-0.3227067618622401
"[-0.009999999999999998, -0.0049999999999999975, 0.035, 0.010000000000000005, 0.0050000000000000044, 0.17]",grasping,25333,486004702,-21.288828202850446,-31.214529594631518,194.52287742536737,3.489783128150717,-1.9708185893390804,-0.3227733960466306
"[-0.009999999999999998, -0.0049999999999999975, 0.035, 0.010000000000000005, 0.0050000000000000044, 0.17]",grasping,25333,490004702,-21.279835211677973,-31.216662162477956,194.53135036602546,3.4904127872331125,-1.9703087448563084,-0.3228395117703502
"[-0.009999999999999998, -0.0049999999999999975, 0.035, 0.010000000000000005, 0.0050000000000000044, 0.17]",grasping,25333,494004702,-21.269376565594424,-31.239936277241032,194.54338076754115,2.0656373641722525,-1.970314985076427,-0.3290850132739792
"[-0.009999999999999998, -0.0049999999999999975, 0.035, 0.010000000000000005, 0.0050000000000000044, 0.17]",grasping,25333,498004702,-21.045008072557476,-31.367285675357785,195.06861005010202,3.283470079581658,-1.9655889737445689,-0.3238508124811646
"[-0.009999999999999998, -0.0049999999999999975, 0.035, 0.010000000000000005, 0.0050000000000000044, 0.17]",grasping,25333,502004702,-21.17656045211578,-31.2239721549394,194.36433795818712,3.538360505056133,-1.9539418591362903,-0.32962921987053717
"[-0.009999999999999998, -0.0049999999999999975, 0.035, 0.010000000000000005, 0.0050000000000000044, 0.17]",grasping,25333,506004702,-21.017837825943882,-31.354158538875627,194.9616646814893,3.2759152726936906,-1.9669796161928168,-0.3303887815138382
"[-0.009999999999999998, -0.0049999999999999975, 0.035, 0.010000000000000005, 0.0050000000000000044, 0.17]",grasping,25333,510004702,-20.993266116760772,-31.34462325128869,194.8021458301397,3.2732649829762264,-1.9626351105786046,-0.3353181606167087
"[-0.009999999999999998, -0.0049999999999999975, 0.035, 0.010000000000000005, 0.0050000000000000044, 0.17]",grasping,25333,514004702,-20.972358975705234,-31.340097302864663,194.7642018556312,3.2683772053805864,-1.962752464610843,-0.33823254916357615
"[-0.009999999999999998, -0.0049999999999999975, 0.035, 0.010000000000000005, 0.0050000000000000044, 0.17]",grasping,25333,518004702,-20.953338755437425,-31.339369619646842,194.75618737733274,3.2655569374980207,-1.962149201048708,-0.3393540828254591
"[-0.009999999999999998, -0.0049999999999999975, 0.035, 0.010000000000000005, 0.0050000000000000044, 0.17]",grasping,25333,522004702,-20.942401812672774,-31.175658378530365,193.91415482732106,3.425009139682413,-1.960519947769827,-0.3723318782303251
"[-0.009999999999999998, -0.0049999999999999975, 0.035, 0.010000000000000005, 0.0050000000000000044, 0.17]",grasping,25333,526004702,-17.54162152746967,-31.249876441203398,196.37503057539493,3.8014103169279974,-1.733548654801556,-0.3116798388725786
"[-0.009999999999999998, -0.0049999999999999975, 0.035, 0.010000000000000005, 0.0050000000000000044, 0.17]",grasping,25333,530004702,-20.949919761968438,-31.30542065505682,194.74662318076517,3.3081129463099566,-1.968803762070195,-0.33998075836168273
"[-0.009999999999999998, -0.0049999999999999975, 0.035, 0.010000000000000005, 0.0050000000000000044, 0.17]",grasping,25333,534004702,-20.9008397897452,-31.177054421497257,193.92809062615143,3.4203826103666226,-1.9590630281371741,-0.37400400930729
"[-0.009999999999999998, -0.0049999999999999975, 0.035, 0.010000000000000005, 0.0050000000000000044, 0.17]",grasping,25333,538004702,-17.49616022138157,-31.25118937915654,196.39821676461673,3.8051152946478073,-1.7307028331479883,-0.31201501587286085
"[-0.009999999999999998, -0.0049999999999999975, 0.035, 0.010000000000000005, 0.0050000000000000044, 0.17]",grasping,25333,542004702,-20.905686420633934,-31.306356531898867,194.76426024911302,3.306732961526538,-1.966667978950852,-0.34105489187547766
"[-0.009999999999999998, -0.0049999999999999975, 0.035, 0.010000000000000005, 0.0050000000000000044, 0.17]",grasping,25333,546004702,-20.93716182590107,-31.25712232421236,194.69694386826683,3.34001830764586,-1.9838374282757032,-0.35315281403754223
"[-0.009999999999999998, -0.0049999999999999975, 0.035, 0.010000000000000005, 0.0050000000000000044, 0.17]",grasping,25333,550004702,-17.42748815814549,-31.271497817631356,196.6860772465407,2.2643571501006896,-1.7326013891039058,-0.3428717806955439
"[-0.009999999999999998, -0.0049999999999999975, 0.035, 0.010000000000000005, 0.0050000000000000044, 0.17]",grasping,25333,554004702,-20.916178074980273,-31.261773630181015,194.74374792118596,3.33571405680941,-1.9835853458226522,-0.35416578440455243
"[-0.009999999999999998, -0.0049999999999999975, 0.035, 0.010000000000000005, 0.0050000000000000044, 0.17]",grasping,25333,558004702,-20.901314206897723,-31.2623814407596,194.75428149739375,3.335749909330217,-1.9827827314834405,-0.35452428823509896
"[-0.009999999999999998, -0.0049999999999999975, 0.035, 0.010000000000000005, 0.0050000000000000044, 0.17]",grasping,25333,562004702,-20.885982132235732,-31.262970608202764,194.76316175607522,3.3355815404321563,-1.9819877971030437,-0.3548989173917709
"[-0.009999999999999998, -0.0049999999999999975, 0.035, 0.010000000000000005, 0.0050000000000000044, 0.17]",grasping,25333,566004702,-17.287338106239925,-31.21180649434126,196.46164865800753,3.6738599004937,-1.7239853567349561,-0.3535697721470104
"[-0.009999999999999998, -0.0049999999999999975, 0.035, 0.010000000000000005, 0.0050000000000000044, 0.17]",grasping,25333,570004702,-17.41630218766675,-31.329399674818028,197.27166813090238,3.638810293259421,-1.7508989856369446,-0.3179073464047155
"[-0.009999999999999998, -0.0049999999999999975, 0.035, 0.010000000000000005, 0.0050000000000000044, 0.17]",grasping,25333,574004702,-20.730792046851736,-31.26567282279082,194.5985951310096,3.2445012951113013,-1.9871070547379708,-0.38842611245857406
"[-0.009999999999999998, -0.0049999999999999975, 0.035, 0.010000000000000005, 0.0050000000000000044, 0.17]",grasping,25333,578004702,-17.220821415326032,-31.211254050606954,196.47805232195134,3.683800935231667,-1.7170429404206153,-0.3556617227750223
"[-0.009999999999999998, -0.0049999999999999975, 0.035, 0.010000000000000005, 0.0050000000000000044, 0.17]",grasping,25333,582004702,-17.356697690345133,-31.329795615887015,197.3102195710133,3.6413592680691798,-1.7475059452225505,-0.3185410011376818
"[-0.009999999999999998, -0.0049999999999999975, 0.035, 0.010000000000000005, 0.0050000000000000044, 0.17]",grasping,25333,587004702,-17.306934962544613,-31.388386125817558,197.28614753422508,2.0480520064986787,-1.7699953392888306,-0.34760887126709383
"[-0.009999999999999998, -0.0049999999999999975, 0.035, 0.010000000000000005, 0.0050000000000000044, 0.17]",grasping,25333,590004702,-17.11733212401241,-31.195221541632023,196.33096972144716,2.3145626018101293,-1.7051216717159638,-0.3616803848543192
"[-0.009999999999999998, -0.0049999999999999975, 0.035, 0.010000000000000005, 0.0050000000000000044, 0.17]",grasping,25333,594004702,-3.2813443646035623,0.10653035269874778,-2.9428139224584413,-0.4650606252614158,-0.24927830538892204,-0.09361837705168248
"[-0.009999999999999998, -0.0049999999999999975, 0.035, 0.010000000000000005, 0.0050000000000000044, 0.17]",grasping,25333,598004702,0.06425003833729548,-0.0012340275981586046,-0.1438490025484498,-0.24017414183532804,-0.028628174010981278,-0.040930194567318445
"[-0.009999999999999998, -0.0049999999999999975, 0.035, 0.010000000000000005, 0.0050000000000000044, 0.17]",grasping,25333,602004702,0.09298478836421253,0.03241705178175991,-0.16304101490720768,-0.15592586889650173,-0.018526155670486988,-0.037286495005591114
"[-0.009999999999999998, -0.0049999999999999975, 0.035, 0.010000000000000005, 0.0050000000000000044, 0.17]",grasping,25333,606004702,0.11263778508248734,0.03444368014576682,-0.1663191100048209,-0.15471974719569115,-0.017038337222843314,-0.03817456045404452
"[-0.009999999999999998, -0.0049999999999999975, 0.035, 0.010000000000000005, 0.0050000000000000044, 0.17]",grasping,25333,610004702,0.12882583064813602,0.03330403687976258,-0.1553269914448947,-0.1552047189208432,-0.016167645385168905,-0.03853230350449485
"[-0.009999999999999998, -0.0049999999999999975, 0.035, 0.010000000000000005, 0.0050000000000000044, 0.17]",grasping,25333,614004702,0.14461322047709047,0.03210639829440254,-0.1424378357454259,-0.15495877643372102,-0.015271896510411942,-0.03870278534870167
"[-0.009999999999999998, -0.0049999999999999975, 0.035, 0.010000000000000005, 0.0050000000000000044, 0.17]",grasping,25333,618004702,0.4023066695606232,0.2617342626595587,-0.8150999925931046,-1.5686023809158223,-0.1632434321609042,0.10172747181306113
"[-0.009999999999999998, -0.0049999999999999975, 0.035, 0.010000000000000005, 0.0050000000000000044, 0.17]",grasping,25333,622004702,0.9331473123430136,-0.01669391895935135,-2.260074686963179,-0.15073775945950274,-0.06489713793178131,-0.08897625497085027
"[-0.009999999999999998, -0.0049999999999999975, 0.035, 0.010000000000000005, 0.0050000000000000044, 0.17]",grasping,25333,626004702,5.011996115183319,-0.004357887632924218,-3.003854590504659,-0.11475013066521633,0.1896180563348655,-0.05405473467933111
"[-0.009999999999999998, -0.0049999999999999975, 0.035, 0.010000000000000005, 0.0050000000000000044, 0.17]",grasping,25333,630004702,5.196605192517842,0.038681650465424156,-3.1925574974501103,-0.23682008817031353,0.26157781253633994,-0.06493354984384853
"[-0.009999999999999998, -0.0049999999999999975, 0.035, 0.010000000000000005, 0.0050000000000000044, 0.17]",grasping,25333,634004702,5.262432787156479,0.08248435260527387,-3.297497127399396,-0.22605008221675016,0.28348795538538996,-0.06874583842677429
"[-0.009999999999999998, -0.0049999999999999975, 0.035, 0.010000000000000005, 0.0050000000000000044, 0.17]",grasping,25333,638004702,5.2227550862773935,0.11933022413396799,-2.8825006963234614,-0.19707211913971134,0.28352632029617464,-0.0708646851391069
"[-0.009999999999999998, -0.0049999999999999975, 0.035, 0.010000000000000005, 0.0050000000000000044, 0.17]",grasping,25333,642004702,5.163641772612186,0.13675077950609094,-2.2133212198636727,-0.1873357983259032,0.2800463072667392,-0.07402371909605032
"[-0.009999999999999998, -0.0049999999999999975, 0.035, 0.010000000000000005, 0.0050000000000000044, 0.17]",grasping,25333,646004702,5.1126435385818265,0.1480619675288608,-1.5764754517117296,-0.18247666140197705,0.27582169578636884,-0.07631333100632332
"[-0.009999999999999998, -0.0049999999999999975, 0.035, 0.010000000000000005, 0.0050000000000000044, 0.17]",grasping,25333,650004702,5.03281170096559,0.15390270470726364,-0.8547237702531447,-0.1812596827559001,0.26516819816503956,-0.07762819027508888
"[-0.009999999999999998, -0.0049999999999999975, 0.035, 0.010000000000000005, 0.0050000000000000044, 0.17]",grasping,25333,654004702,4.929320757684909,0.15316912839493213,-0.32481371455378394,-0.17516909156012517,0.2507253332003545,-0.07959385224795393
"[-0.009999999999999998, -0.0049999999999999975, 0.035, 0.010000000000000005, 0.0050000000000000044, 0.17]",grasping,25333,658004702,4.812682601704006,0.15460997245873642,0.17598753549580692,-0.16839582652145557,0.24036230300596007,-0.08198608544536254
"[-0.009999999999999998, -0.0049999999999999975, 0.035, 0.010000000000000005, 0.0050000000000000044, 0.17]",grasping,25333,662004702,4.692760681803259,0.15757985191903146,0.7578588479481994,-0.1616802482755304,0.2294971582740266,-0.08570770970514371
"[-0.009999999999999998, -0.0049999999999999975, 0.035, 0.010000000000000005, 0.0050000000000000044, 0.17]",grasping,25333,666004702,4.58913299848205,0.1630688938797249,1.3524996393646518,-0.15862273216300693,0.21766193167417613,-0.08975346582814736
"[-0.009999999999999998, -0.0049999999999999975, 0.035, 0.010000000000000005, 0.0050000000000000044, 0.17]",grasping,25333,670004702,4.523933061317871,0.17222077078233156,1.7507576813733579,-0.16397729436656183,0.20349815858514786,-0.09238515147406
"[-0.009999999999999998, -0.0049999999999999975, 0.035, 0.010000000000000005, 0.0050000000000000044, 0.17]",grasping,25333,674004702,4.544431645825933,0.1514159877892567,1.9680540945455505,-1.597206765281801,0.2026511325877951,-0.09167069095073199
"[-0.009999999999999998, -0.0049999999999999975, 0.035, 0.010000000000000005, 0.0050000000000000044, 0.17]",grasping,25333,678004702,4.560746266018979,0.17148446770761439,2.0378564238202443,-0.1748362867362414,0.2039580034586952,-0.08337742407428791
"[-0.009999999999999998, -0.0049999999999999975, 0.035, 0.010000000000000005, 0.0050000000000000044, 0.17]",grasping,25333,682004702,4.582937602570803,0.17072314747442263,2.1027682195378645,-0.1774564477433418,0.20526278522161356,-0.08182843799899833
"[-0.009999999999999998, -0.0049999999999999975, 0.035, 0.010000000000000005, 0.0050000000000000044, 0.17]",grasping,25333,686004702,4.610290307213171,0.14904107110596954,2.1603586453024946,-1.6046960687465859,0.20640512615923656,-0.08701949062584766
"[-0.009999999999999998, -0.0049999999999999975, 0.035, 0.010000000000000005, 0.0050000000000000044, 0.17]",grasping,25333,690004702,4.627778558083751,0.16896020827987002,2.184842999443987,-0.17968061050142392,0.2081024348372693,-0.08054447577749588
"[-0.009999999999999998, -0.0049999999999999975, 0.035, 0.010000000000000005, 0.0050000000000000044, 0.17]",grasping,25333,694004702,4.6499100348505475,0.1680082364222102,2.213722042688147,-0.18007743204646065,0.20946070417486973,-0.08032169317126411
"[-0.009999999999999998, -0.0049999999999999975, 0.035, 0.010000000000000005, 0.0050000000000000044, 0.17]",grasping,25333,698004702,8.56919072454931,0.16920313813761823,4.097507569413864,-0.02803402955728229,0.42916105790453707,-0.10224975405536768
"[-0.009999999999999998, -0.0049999999999999975, 0.035, 0.010000000000000005, 0.0050000000000000044, 0.17]",grasping,25333,702004702,8.585629096033411,0.1636727225624739,4.073973757716885,-0.08710970782584271,0.4225224261953764,-0.10941141657559686
"[-0.009999999999999998, -0.0049999999999999975, 0.035, 0.010000000000000005, 0.0050000000000000044, 0.17]",grasping,25333,706004702,8.507670067397115,0.12897910590453776,4.520272560714915,-0.10736276228254926,0.42084009906925934,-0.10041126506596547
"[-0.009999999999999998, -0.0049999999999999975, 0.035, 0.010000000000000005, 0.0050000000000000044, 0.17]",grasping,25333,710004702,8.569223894063247,0.15309323591902668,4.39824919073601,-0.15485548564448282,0.42106573620630683,-0.11022908569497546
"[-0.009999999999999998, -0.0049999999999999975, 0.035, 0.010000000000000005, 0.0050000000000000044, 0.17]",grasping,25333,714004702,8.59172266562355,0.1454284520926734,4.422925747132098,-0.16537297965031428,0.42034896875150607,-0.11107855435139309
"[-0.009999999999999998, -0.0049999999999999975, 0.035, 0.010000000000000005, 0.0050000000000000044, 0.17]",grasping,25333,718004702,8.620618538578848,0.14407803567428346,4.441481791255768,-0.16405751647906852,0.42190798660239137,-0.11130348498706436
"[-0.009999999999999998, -0.0049999999999999975, 0.035, 0.010000000000000005, 0.0050000000000000044, 0.17]",grasping,25333,722004702,8.650271005530003,0.14321118373928599,4.458754570270571,-0.16343160531599255,0.423515367447878,-0.11165836720477038
"[-0.009999999999999998, -0.0049999999999999975, 0.035, 0.010000000000000005, 0.0050000000000000044, 0.17]",grasping,25333,726004702,8.686480590169092,0.12134208125911172,4.481707053769924,-1.5884877269912723,0.4248589696455558,-0.1182751572884645
"[-0.009999999999999998, -0.0049999999999999975, 0.035, 0.010000000000000005, 0.0050000000000000044, 0.17]",grasping,25333,730004702,8.709334136418182,0.14117805073255596,4.49316864300917,-0.1626165458871256,0.42669727601876106,-0.11237368278721238
"[-0.009999999999999998, -0.0049999999999999975, 0.035, 0.010000000000000005, 0.0050000000000000044, 0.17]",grasping,25333,734004702,8.738744742816166,0.1401510942666242,4.510368317974951,-0.16219013550680517,0.428284890885545,-0.11272072254283563
"[-0.009999999999999998, -0.0049999999999999975, 0.035, 0.010000000000000005, 0.0050000000000000044, 0.17]",grasping,25333,738004702,8.768063789989364,0.1391201332567391,4.527527597930231,-0.16176402354816322,0.4298686564953904,-0.11306419802106064
"[-0.009999999999999998, -0.0049999999999999975, 0.035, 0.010000000000000005, 0.0050000000000000044, 0.17]",grasping,25333,743004702,8.803832893370439,0.11722269267718843,4.55036084624939,-1.586788652642718,0.43119603084137803,-0.1196550269619546
"[-0.009999999999999998, -0.0049999999999999975, 0.035, 0.010000000000000005, 0.0050000000000000044, 0.17]",grasping,25333,746004702,12.837500119318108,0.10501241472719869,6.4370487389829805,-1.5366525536814728,0.6369830952721345,-0.15050471184308084
"[-0.009999999999999998, -0.0049999999999999975, 0.035, 0.010000000000000005, 0.0050000000000000044, 0.17]",grasping,25333,750004702,12.849129161263622,0.12911350012197786,6.686147985953397,-0.16093961884907237,0.6484878899462945,-0.14776683758674042
"[-0.009999999999999998, -0.0049999999999999975, 0.035, 0.010000000000000005, 0.0050000000000000044, 0.17]",grasping,25333,754004702,12.878015096903791,0.12626861372960008,6.70306484865327,-0.1480888587421676,0.6502376675757382,-0.14738496966232262
"[-0.009999999999999998, -0.0049999999999999975, 0.035, 0.010000000000000005, 0.0050000000000000044, 0.17]",grasping,25333,758004702,12.91444170926157,0.1262980318873339,6.723789659258159,-0.14562454113651802,0.6521595089578633,-0.1476757063897594
"[-0.009999999999999998, -0.0049999999999999975, 0.035, 0.010000000000000005, 0.0050000000000000044, 0.17]",grasping,25333,762004702,12.9500568702788,0.12501384279928018,6.743485648591786,-0.145432686171997,0.653949404961077,-0.1481244622448847
"[-0.009999999999999998, -0.0049999999999999975, 0.035, 0.010000000000000005, 0.0050000000000000044, 0.17]",grasping,25333,766004702,12.993779015140884,0.10261197735793814,6.770131524507377,-1.570376278941477,0.6556070920074166,-0.15481232536328826
"[-0.009999999999999998, -0.0049999999999999975, 0.035, 0.010000000000000005, 0.0050000000000000044, 0.17]",grasping,25333,770004702,13.021267834846983,0.12213931553760204,6.783814459628275,-0.14442233013001937,0.6576636560682638,-0.14895600712361162
"[-0.009999999999999998, -0.0049999999999999975, 0.035, 0.010000000000000005, 0.0050000000000000044, 0.17]",grasping,25333,774004702,13.065113397720246,0.09975074925972294,6.810453299997448,-1.5692990395404043,0.6593929529734304,-0.15563625435654074
"[-0.009999999999999998, -0.0049999999999999975, 0.035, 0.010000000000000005, 0.0050000000000000044, 0.17]",grasping,25333,778004702,13.100717348310754,0.09831264893709601,6.830548517268085,-1.5687543839144489,0.661304122289506,-0.15604554186492073
"[-0.009999999999999998, -0.0049999999999999975, 0.035, 0.010000000000000005, 0.0050000000000000044, 0.17]",grasping,25333,782004702,17.348757862186627,0.1332307897806757,8.486006490022845,-0.1725984197291024,0.8651118615665798,-0.18727060848616
"[-0.009999999999999998, -0.0049999999999999975, 0.035, 0.010000000000000005, 0.0050000000000000044, 0.17]",grasping,25333,786004702,17.44028491679635,0.11947964740871697,9.01981684450763,-0.13720831752368623,0.8948119259399268,-0.18820684428254042
"[-0.009999999999999998, -0.0049999999999999975, 0.035, 0.010000000000000005, 0.0050000000000000044, 0.17]",grasping,25333,790004702,17.482680182858488,0.11689416047281043,9.06289341163503,-0.13122782884221973,0.8971204632559411,-0.18706724201737338
"[-0.009999999999999998, -0.0049999999999999975, 0.035, 0.010000000000000005, 0.0050000000000000044, 0.17]",grasping,25333,794004702,17.52420218615407,0.11595642345716684,9.08509100186842,-0.12936931908911475,0.8993452721595581,-0.18749255824563643
"[-0.009999999999999998, -0.0049999999999999975, 0.035, 0.010000000000000005, 0.0050000000000000044, 0.17]",grasping,25333,798004702,17.56429378695397,0.11385912111069274,9.106875942691374,-0.12897783890325742,0.9014184412707323,-0.18797370369736308
"[-0.009999999999999998, -0.0049999999999999975, 0.035, 0.010000000000000005, 0.0050000000000000044, 0.17]",grasping,25333,802004702,17.613580540057466,0.09057784773833077,9.136007163308761,-1.553624435077054,0.9034226167724277,-0.19472601515794238
"[-0.009999999999999998, -0.0049999999999999975, 0.035, 0.010000000000000005, 0.0050000000000000044, 0.17]",grasping,25333,806004702,17.644382537367633,0.10958288512474823,9.151165754284023,-0.12751660760824457,0.9056811128683762,-0.18890713299959175
"[-0.009999999999999998, -0.0049999999999999975, 0.035, 0.010000000000000005, 0.0050000000000000044, 0.17]",grasping,25333,810004702,17.684435672850757,0.10747324847942252,9.173267199467034,-0.1267704192577126,0.9078426077573547,-0.1893714303923309
"[-0.009999999999999998, -0.0049999999999999975, 0.035, 0.010000000000000005, 0.0050000000000000044, 0.17]",grasping,25333,814004702,17.72438540011861,0.10536266947969608,9.19529968859166,-0.1260295026066891,0.9100086746793885,-0.18983434921619385
"[-0.009999999999999998, -0.0049999999999999975, 0.035, 0.010000000000000005, 0.0050000000000000044, 0.17]",grasping,25333,818004702,17.684763092965703,0.0674526612748565,9.243483389515177,-0.04691481769701422,0.9100786227882319,-0.18859343545905374
"[-0.009999999999999998, -0.0049999999999999975, 0.035, 0.010000000000000005, 0.0050000000000000044, 0.17]",grasping,25333,822004702,17.98171952420279,0.11394921889012011,9.762530132544498,-0.0005682983235613115,0.9632223562590245,-0.19565069283608277
"[-0.009999999999999998, -0.0049999999999999975, 0.035, 0.010000000000000005, 0.0050000000000000044, 0.17]",grasping,25333,826004702,22.21449949978338,0.06294538545580508,10.84935430852127,-0.18665831922745024,1.124032166853226,-0.22733069531435898
"[-0.009999999999999998, -0.0049999999999999975, 0.035, 0.010000000000000005, 0.0050000000000000044, 0.17]",grasping,25333,830004702,22.542764867031053,0.10030663677588691,11.57054450345126,-0.1031233874058528,1.1715847987875856,-0.23464554337476626
"[-0.009999999999999998, -0.0049999999999999975, 0.035, 0.010000000000000005, 0.0050000000000000044, 0.17]",grasping,25333,834004702,22.62776565571811,0.10647381136091738,11.613465734163583,-0.10674143193530572,1.1735796202985893,-0.23186285970173892
"[-0.009999999999999998, -0.0049999999999999975, 0.035, 0.010000000000000005, 0.0050000000000000044, 0.17]",grasping,25333,838004702,22.672522916540178,0.10417778344110218,11.62928563475296,-0.1114647979850596,1.1757702148481264,-0.2323088974382991
"[-0.009999999999999998, -0.0049999999999999975, 0.035, 0.010000000000000005, 0.0050000000000000044, 0.17]",grasping,25333,842004702,22.71242978550007,0.10026439449024593,11.651111467571184,-0.11139370022026629,1.1778825411796847,-0.23277236876544638
"[-0.009999999999999998, -0.0049999999999999975, 0.035, 0.010000000000000005, 0.0050000000000000044, 0.17]",grasping,25333,846004702,22.75403231244888,0.09728780367760237,11.674305473263786,-0.11006297895873951,1.1801910926592956,-0.23315880215289891
"[-0.009999999999999998, -0.0049999999999999975, 0.035, 0.010000000000000005, 0.0050000000000000044, 0.17]",grasping,25333,850004702,22.795872780895778,0.09442185692320137,11.697404479222087,-0.10902511061146702,1.182501559254436,-0.23352393014613074
"[-0.009999999999999998, -0.0049999999999999975, 0.035, 0.010000000000000005, 0.0050000000000000044, 0.17]",grasping,25333,854004702,22.837336126613945,0.09148600948174135,11.720213479665006,-0.10812498880272514,1.1847760890100152,-0.2338917571449776
"[-0.009999999999999998, -0.0049999999999999975, 0.035, 0.010000000000000005, 0.0050000000000000044, 0.17]",grasping,25333,858004702,22.899303962256827,0.08708754456339207,11.754759043428777,-0.10677941561280191,1.1881781185137341,-0.23436756066186265
"[-0.009999999999999998, -0.0049999999999999975, 0.035, 0.010000000000000005, 0.0050000000000000044, 0.17]",grasping,25333,862004702,22.919841917620143,0.08561668591545768,11.766203797674535,-0.106336959484012,1.189306196945328,-0.2345229576470162
"[-0.009999999999999998, -0.0049999999999999975, 0.035, 0.010000000000000005, 0.0050000000000000044, 0.17]",grasping,25333,866004702,22.960905707504303,0.08271518185100746,11.78915007514206,-0.10550234183228646,1.1915508092317482,-0.23479784613589427
"[-0.009999999999999998, -0.0049999999999999975, 0.035, 0.010000000000000005, 0.0050000000000000044, 0.17]",grasping,25333,870004702,24.506234903215248,0.06229402987602484,11.539983835957912,-0.46651325100243923,0.9844701741918128,-0.23476394095509778
"[-0.009999999999999998, -0.0049999999999999975, 0.035, 0.010000000000000005, 0.0050000000000000044, 0.17]",grasping,25333,874004702,22.826039887010904,0.146490812383675,11.807794035819342,0.07414422543589216,1.1789053344513971,-0.24545894415526773
"[-0.009999999999999998, -0.0049999999999999975, 0.035, 0.010000000000000005, 0.0050000000000000044, 0.17]",grasping,25333,878004702,24.550987128430556,0.048763254043002746,11.69825644088732,-1.8602264696516269,0.9800613439168095,-0.24148691133420633
"[-0.009999999999999998, -0.0049999999999999975, 0.035, 0.010000000000000005, 0.0050000000000000044, 0.17]",grasping,25333,882004702,22.2413631053276,0.0993771623714288,11.62207491588805,0.12953785920307714,1.1059718883887397,-0.2451901538702555
"[-0.009999999999999998, -0.0049999999999999975, 0.035, 0.010000000000000005, 0.0050000000000000044, 0.17]",grasping,25333,886004702,22.400923383167562,0.09346020712759184,11.721376096921318,0.08895484621141181,1.1182789625948542,-0.24502968305102563
"[-0.009999999999999998, -0.0049999999999999975, 0.035, 0.010000000000000005, 0.0050000000000000044, 0.17]",grasping,25333,890004702,23.52250284968309,-0.009442035498686607,11.502870817357262,-0.3206745021301134,0.8660464419208896,-0.23408496972844156
"[-0.009999999999999998, -0.0049999999999999975, 0.035, 0.010000000000000005, 0.0050000000000000044, 0.17]",grasping,25333,894004702,21.692924414299753,0.06481229318496773,11.310297991900654,-1.1967364779280674,1.031559867462701,-0.24692448380595455
"[-0.009999999999999998, -0.0049999999999999975, 0.035, 0.010000000000000005, 0.0050000000000000044, 0.17]",grasping,25333,898004702,23.779296886282566,0.16135363332006847,11.79577261531739,-0.07504337409228157,0.8854019124547949,-0.24445723148200363
"[-0.009999999999999998, -0.0049999999999999975, 0.035, 0.010000000000000005, 0.0050000000000000044, 0.17]",grasping,25333,902004702,23.887054234178276,0.1689324010682931,11.784973520759621,-0.07317250368642902,0.8945682151849639,-0.24353770928016996
"[-0.009999999999999998, -0.0049999999999999975, 0.035, 0.010000000000000005, 0.0050000000000000044, 0.17]",grasping,25333,906004702,23.129279356812084,0.0653924203286671,12.030321499790688,-1.5584866145345853,0.7834379852248526,-0.24428190949876402
"[-0.009999999999999998, -0.0049999999999999975, 0.035, 0.010000000000000005, 0.0050000000000000044, 0.17]",grasping,25333,910004702,23.014501953149722,0.07019812661545188,12.065477573110712,-0.1556207919282926,0.7600928233887975,-0.23543053850611056
"[-0.009999999999999998, -0.0049999999999999975, 0.035, 0.010000000000000005, 0.0050000000000000044, 0.17]",grasping,25333,914004702,22.96729764596717,0.0656827848528927,12.055896789458018,-0.15088289610946504,0.7509790222001064,-0.23480342498426238
"[-0.009999999999999998, -0.0049999999999999975, 0.035, 0.010000000000000005, 0.0050000000000000044, 0.17]",grasping,25333,918004702,22.957556559413764,0.0630983412346815,12.056280531355583,-0.14959799796113504,0.7461729500696347,-0.23466730824145
"[-0.009999999999999998, -0.0049999999999999975, 0.035, 0.010000000000000005, 0.0050000000000000044, 0.17]",grasping,25333,922004702,22.95169300026403,0.05956679664198816,12.057612644979315,-0.14954157926647405,0.7418061800663868,-0.23461768713769685
"[-0.009999999999999998, -0.0049999999999999975, 0.035, 0.010000000000000005, 0.0050000000000000044, 0.17]",grasping,25333,926004702,22.94679316432993,0.05608240518795071,12.059927833019032,-0.14905404396594735,0.7375961720112894,-0.23458272050883075
"[-0.009999999999999998, -0.0049999999999999975, 0.035, 0.010000000000000005, 0.0050000000000000044, 0.17]",grasping,25333,930004702,22.944246050039588,0.05273011964788665,12.06349366086107,-0.14853811818787888,0.7336723741689017,-0.23455654899838088
"[-0.009999999999999998, -0.0049999999999999975, 0.035, 0.010000000000000005, 0.0050000000000000044, 0.17]",grasping,25333,934004702,22.943222434854782,0.04940510355107719,12.067801112695292,-0.1480629597364258,0.729934580116498,-0.23454019369749218
"[-0.009999999999999998, -0.0049999999999999975, 0.035, 0.010000000000000005, 0.0050000000000000044, 0.17]",grasping,25333,938004702,22.94310939164583,0.04609775995757204,12.072574211872478,-0.1475886891242011,0.7263115108320187,-0.23453040249415225
"[-0.009999999999999998, -0.0049999999999999975, 0.035, 0.010000000000000005, 0.0050000000000000044, 0.17]",grasping,25333,942004702,22.94359132159127,0.042801498923338954,12.077660274546673,-0.147113083574975,0.7227637457030271,-0.2345239146198848
"[-0.009999999999999998, -0.0049999999999999975, 0.035, 0.010000000000000005, 0.0050000000000000044, 0.17]",grasping,25333,946004702,22.940899673273236,0.018093981518006785,12.084907013418189,-1.572157685445584,0.7173612547681019,-0.2406433328495385
"[-0.009999999999999998, -0.0049999999999999975, 0.035, 0.010000000000000005, 0.0050000000000000044, 0.17]",grasping,25333,950004702,22.94519114928976,0.03624316400610539,12.088194212718804,-0.146176259978676,0.7157509659386005,-0.2345058494839776
"[-0.009999999999999998, -0.0049999999999999975, 0.035, 0.010000000000000005, 0.0050000000000000044, 0.17]",grasping,25333,954004702,22.936959780555043,0.1690239432127676,11.789104986554321,-1.1623324223196674,0.7243256955568962,-0.26308717902997136
"[-0.009999999999999998, -0.0049999999999999975, 0.035, 0.010000000000000005, 0.0050000000000000044, 0.17]",grasping,25333,958004702,25.252556806460724,0.10062014507249728,11.45071480283164,-0.7186695241713505,0.5272308004163482,-0.2151519946374122
"[-0.009999999999999998, -0.0049999999999999975, 0.035, 0.010000000000000005, 0.0050000000000000044, 0.17]",grasping,25333,962004702,22.82678139268679,0.12045415190976883,11.469962036939165,0.12720586657980038,0.6910671310203027,-0.2558864710145141
"[-0.009999999999999998, -0.0049999999999999975, 0.035, 0.010000000000000005, 0.0050000000000000044, 0.17]",grasping,25333,966004702,21.734480740363644,-0.05131441089121935,11.328981218676176,0.05289588569542758,0.5861157483662331,-0.2345594888718205
"[-0.009999999999999998, -0.0049999999999999975, 0.035, 0.010000000000000005, 0.0050000000000000044, 0.17]",grasping,25333,970004702,24.58423241489069,0.020486346144870993,11.295035528450086,-0.6603254843832596,0.448816718390866,-0.21592611308216564
"[-0.009999999999999998, -0.0049999999999999975, 0.035, 0.010000000000000005, 0.0050000000000000044, 0.17]",grasping,25333,974004702,22.923992498145616,0.11780437424419432,11.560762571298824,0.14885771344987342,0.6941763007602704,-0.25557532427829
"[-0.009999999999999998, -0.0049999999999999975, 0.035, 0.010000000000000005, 0.0050000000000000044, 0.17]",grasping,25333,978004702,21.801344139123696,-0.06220806639340637,11.371007027114132,0.05104808828731766,0.5844158214543966,-0.23515038125410648
"[-0.009999999999999998, -0.0049999999999999975, 0.035, 0.010000000000000005, 0.0050000000000000044, 0.17]",grasping,25333,982004702,22.474563764065373,0.0408798570747102,11.551003245729731,0.22475090841511536,0.654978236200555,-0.266993963298025
"[-0.009999999999999998, -0.0049999999999999975, 0.035, 0.010000000000000005, 0.0050000000000000044, 0.17]",grasping,25333,986004702,22.467522812030104,0.044630191899429406,11.66204699706617,0.18563103989853724,0.6416097522207405,-0.26207815357676945
"[-0.009999999999999998, -0.0049999999999999975, 0.035, 0.010000000000000005, 0.0050000000000000044, 0.17]",grasping,25333,990004702,22.473430285212636,0.0374449522740683,11.70989050008825,0.17171718478268572,0.6369837917300416,-0.2619644739855243
"[-0.009999999999999998, -0.0049999999999999975, 0.035, 0.010000000000000005, 0.0050000000000000044, 0.17]",grasping,25333,994004702,22.489018585124313,0.03234699889076609,11.736144586125505,0.17025884882674047,0.6352642490828055,-0.2621509403905734
"[-0.009999999999999998, -0.0049999999999999975, 0.035, 0.010000000000000005, 0.0050000000000000044, 0.17]",grasping,25333,998004702,22.52478474467281,0.02788011203661256,11.762759319429563,0.1696655093396866,0.6363433921275137,-0.26252740973330607
"[-0.009999999999999998, -0.0049999999999999975, 0.035, 0.010000000000000005, 0.0050000000000000044, 0.17]",grasping,25334,2004702,23.711142355853713,-0.13344909433588015,11.499805128029067,-0.47653001232869485,0.32766369448581023,-0.22798581995814465
"[-0.009999999999999998, -0.0049999999999999975, 0.035, 0.010000000000000005, 0.0050000000000000044, 0.17]",grasping,25334,6004702,24.09044073186249,0.0800400205979166,11.485857313203525,-0.3058493880227986,0.3600410039583335,-0.23729531579753732
"[-0.009999999999999998, -0.0049999999999999975, 0.035, 0.010000000000000005, 0.0050000000000000044, 0.17]",grasping,25334,10004702,22.363113472792374,0.008420884058779166,11.379211960943422,0.36166461392868543,0.6301389281264984,-0.2737112527012954
"[-0.009999999999999998, -0.0049999999999999975, 0.035, 0.010000000000000005, 0.0050000000000000044, 0.17]",grasping,25334,14004702,23.78790856826241,-0.12631142105772852,11.520206587198288,-0.48113172537831383,0.3230173080134695,-0.22386139495166482
"[-0.009999999999999998, -0.0049999999999999975, 0.035, 0.010000000000000005, 0.0050000000000000044, 0.17]",grasping,25334,18004702,23.69168611952987,-0.19831967894422675,11.424042039870557,-0.5505303876500118,0.3059832754795231,-0.22864601583512859
"[-0.009999999999999998, -0.0049999999999999975, 0.035, 0.010000000000000005, 0.0050000000000000044, 0.17]",grasping,25334,22004702,23.850681407538545,-0.03504941632398939,12.064514896279576,-0.138048188762673,0.3365093968884538,-0.2588053046510772
"[-0.009999999999999998, -0.0049999999999999975, 0.035, 0.010000000000000005, 0.0050000000000000044, 0.17]",grasping,25334,26004702,23.667966664547222,-0.01735051542307886,12.469963096637883,-0.1477641054109795,0.2926099527666677,-0.24829317711341278
"[-0.009999999999999998, -0.0049999999999999975, 0.035, 0.010000000000000005, 0.0050000000000000044, 0.17]",grasping,25334,30004702,23.558424286920044,-0.02267558431383776,12.61124428971442,-0.16062964371540644,0.26507567850911684,-0.24288647650060766
"[-0.009999999999999998, -0.0049999999999999975, 0.035, 0.010000000000000005, 0.0050000000000000044, 0.17]",grasping,25334,34004702,23.499390294197795,-0.02750579753780613,12.666144853740235,-0.1640795663100132,0.2506451975679911,-0.24065408614113531
"[-0.009999999999999998, -0.0049999999999999975, 0.035, 0.010000000000000005, 0.0050000000000000044, 0.17]",grasping,25334,38004702,23.465039520064074,-0.03172413697265242,12.689997773256891,-0.16435805060734543,0.24153858631916636,-0.23962706379655915
"[-0.009999999999999998, -0.0049999999999999975, 0.035, 0.010000000000000005, 0.0050000000000000044, 0.17]",grasping,25334,42004702,23.443725776054826,-0.03557958085679758,12.702929038273055,-0.16370313635151712,0.23481736877722814,-0.23907467822114056
"[-0.009999999999999998, -0.0049999999999999975, 0.035, 0.010000000000000005, 0.0050000000000000044, 0.17]",grasping,25334,46004702,23.430205199005446,-0.0392329170928285,12.711868206111234,-0.16275738984618204,0.2293546264584907,-0.23874512975293322
"[-0.009999999999999998, -0.0049999999999999975, 0.035, 0.010000000000000005, 0.0050000000000000044, 0.17]",grasping,25334,50004702,23.421748457429292,-0.042762730628560064,12.719226957391697,-0.1617045063796878,0.22465059718045133,-0.23853782332951765
"[-0.009999999999999998, -0.0049999999999999975, 0.035, 0.010000000000000005, 0.0050000000000000044, 0.17]",grasping,25334,54004702,23.416733548941068,-0.046211161840179926,12.725883926447722,-0.1606040401523492,0.22044262714250396,-0.23840532819214563
"[-0.009999999999999998, -0.0049999999999999975, 0.035, 0.010000000000000005, 0.0050000000000000044, 0.17]",grasping,25334,58004702,23.41370169950722,-0.04963726058073448,12.730777258980737,-0.15934502504454207,0.21653810178945987,-0.23832986006879647
"[-0.009999999999999998, -0.0049999999999999975, 0.035, 0.010000000000000005, 0.0050000000000000044, 0.17]",grasping,25334,62004702,23.412509259000938,-0.053086545863141765,12.734271981546271,-0.15816665440336752,0.21297435272139942,-0.2383086052840681
"[-0.009999999999999998, -0.0049999999999999975, 0.035, 0.010000000000000005, 0.0050000000000000044, 0.17]",grasping,25334,66004702,23.41125900411665,-0.056462919053902993,12.737833936479944,-0.15691419943049079,0.20940356951704286,-0.2382820226045317
"[-0.009999999999999998, -0.0049999999999999975, 0.035, 0.010000000000000005, 0.0050000000000000044, 0.17]",grasping,25334,70004702,23.410734847034337,-0.059806702733034456,12.741778187872399,-0.1556904561727288,0.20591467600552193,-0.2382586793901899
"[-0.009999999999999998, -0.0049999999999999975, 0.035, 0.010000000000000005, 0.0050000000000000044, 0.17]",grasping,25334,74004702,23.41064094352855,-0.06314308720104478,12.745953599966668,-0.15448531083998285,0.2024759684244435,-0.2382384497934614
"[-0.009999999999999998, -0.0049999999999999975, 0.035, 0.010000000000000005, 0.0050000000000000044, 0.17]",grasping,25334,78004702,23.407842907752574,-0.06651933706777058,12.749057958793799,-0.15328079874911982,0.1987083646482506,-0.23816419401696323
"[-0.009999999999999998, -0.0049999999999999975, 0.035, 0.010000000000000005, 0.0050000000000000044, 0.17]",grasping,25334,82004702,23.405272096236217,-0.06988252062526001,12.75227856696037,-0.15207921661246715,0.19496839237432884,-0.23809397587627326
"[-0.009999999999999998, -0.0049999999999999975, 0.035, 0.010000000000000005, 0.0050000000000000044, 0.17]",grasping,25334,86004702,23.402597654091323,-0.07324255420115833,12.755463773512162,-0.1508842658320293,0.19121589074992373,-0.23801972187413223
"[-0.009999999999999998, -0.0049999999999999975, 0.035, 0.010000000000000005, 0.0050000000000000044, 0.17]",grasping,25334,90004702,23.399785700741116,-0.07660175288254578,12.75858529724016,-0.1496916233790926,0.18744702810616465,-0.23794341486320558
"[-0.009999999999999998, -0.0049999999999999975, 0.035, 0.010000000000000005, 0.0050000000000000044, 0.17]",grasping,25334,94004702,23.397096013611353,-0.07995740967494669,12.761760938405644,-0.14849738307311178,0.18369420052799978,-0.23786610065376215
"[-0.009999999999999998, -0.0049999999999999975, 0.035, 0.010000000000000005, 0.0050000000000000044, 0.17]",grasping,25334,98004702,23.394523671241274,-0.08332599007463415,12.764985133310404,-0.14730348061547982,0.1799568387240802,-0.23779357357170516
"[-0.009999999999999998, -0.0049999999999999975, 0.035, 0.010000000000000005, 0.0050000000000000044, 0.17]",grasping,25334,102004702,25.50964300347332,0.008259637332614034,11.761224083139183,-2.1730984780812146,-0.05051230164175302,-0.22088570022350523
"[-0.009999999999999998, -0.0049999999999999975, 0.035, 0.010000000000000005, 0.0050000000000000044, 0.17]",grasping,25334,106004702,24.853862107270956,-0.09157788507356912,11.738431707659231,-0.6938260735338804,-0.11200243677933264,-0.22810806476046963
"[-0.009999999999999998, -0.0049999999999999975, 0.035, 0.010000000000000005, 0.0050000000000000044, 0.17]",grasping,25334,110004702,24.26438408036437,0.030620054173006395,12.166617878563784,0.24099358667509962,0.2906895045714595,-0.2745750696557741
"[-0.009999999999999998, -0.0049999999999999975, 0.035, 0.010000000000000005, 0.0050000000000000044, 0.17]",grasping,25334,114004702,24.104954583747123,-0.18441151570071668,12.584359723947443,0.0911533602500425,0.3017934363836843,-0.2722482103512526
"[-0.009999999999999998, -0.0049999999999999975, 0.035, 0.010000000000000005, 0.0050000000000000044, 0.17]",grasping,25334,118004702,24.983072534464764,-0.07543672316414174,11.751098919501658,-0.6897709221310322,-0.11176430095290812,-0.2234900373110665
"[-0.009999999999999998, -0.0049999999999999975, 0.035, 0.010000000000000005, 0.0050000000000000044, 0.17]",grasping,25334,122004702,24.135780911455264,-0.21460713867159953,12.582074358442355,-1.3336393336320982,0.29845223020078193,-0.2787506561257078
"[-0.009999999999999998, -0.0049999999999999975, 0.035, 0.010000000000000005, 0.0050000000000000044, 0.17]",grasping,25334,126004702,24.14847730212786,-0.1969924619827239,12.58300556176681,0.09224190154086154,0.29835792579941667,-0.272702712680985
"[-0.009999999999999998, -0.0049999999999999975, 0.035, 0.010000000000000005, 0.0050000000000000044, 0.17]",grasping,25334,130004702,25.023725665629108,-0.08766703066023496,11.77805408353862,-0.6831197979175823,-0.11771144106341258,-0.22388494449983254
"[-0.009999999999999998, -0.0049999999999999975, 0.035, 0.010000000000000005, 0.0050000000000000044, 0.17]",grasping,25334,134004702,24.155084575708578,-0.2265508422718483,12.593321239149361,-1.331484153836052,0.29200836494517834,-0.27882154582342034
"[-0.009999999999999998, -0.0049999999999999975, 0.035, 0.010000000000000005, 0.0050000000000000044, 0.17]",grasping,25334,138004702,24.68200365727164,-0.1104205007658372,12.63807669437631,-1.125170586376305,0.34707889531329705,-0.30456899605594795
"[-0.009999999999999998, -0.0049999999999999975, 0.035, 0.010000000000000005, 0.0050000000000000044, 0.17]",grasping,25334,142004702,24.533386360230356,-0.10067468737985763,12.726511884468778,-1.1513486913603832,0.3137438314423062,-0.29730793871762357
"[-0.009999999999999998, -0.0049999999999999975, 0.035, 0.010000000000000005, 0.0050000000000000044, 0.17]",grasping,25334,146004702,24.886227467750686,-0.11978540501590018,12.292052998968245,-0.4717128987179171,-0.13784656010530916,-0.23331938040209724
"[-0.009999999999999998, -0.0049999999999999975, 0.035, 0.010000000000000005, 0.0050000000000000044, 0.17]",grasping,25334,150004702,24.873352491924962,-0.12503167325823483,12.328072138965354,-0.46420828621885724,-0.1418989662901573,-0.23335837080754035
"[-0.009999999999999998, -0.0049999999999999975, 0.035, 0.010000000000000005, 0.0050000000000000044, 0.17]",grasping,25334,154004702,24.86944406483847,-0.12967371483171064,12.347009161328572,-0.46081804269032833,-0.14537344124316554,-0.2333049192011347
"[-0.009999999999999998, -0.0049999999999999975, 0.035, 0.010000000000000005, 0.0050000000000000044, 0.17]",grasping,25334,158004702,24.86851096944086,-0.134561588568463,12.362973444301389,-0.4580721334663389,-0.14853741852256785,-0.23333991412078672
"[-0.009999999999999998, -0.0049999999999999975, 0.035, 0.010000000000000005, 0.0050000000000000044, 0.17]",grasping,25334,162004702,24.869363514521094,-0.13938175651666995,12.37804975905118,-0.4553800219453814,-0.15149674025147553,-0.23340071058318332
"[-0.009999999999999998, -0.0049999999999999975, 0.035, 0.010000000000000005, 0.0050000000000000044, 0.17]",grasping,25334,166004702,24.871332767048944,-0.1441364296193619,12.392628959099682,-0.45276276224197787,-0.15433151247339505,-0.2334713424726087
"[-0.009999999999999998, -0.0049999999999999975, 0.035, 0.010000000000000005, 0.0050000000000000044, 0.17]",grasping,25334,170004702,25.439620774280584,-0.027967900633278475,12.046474718406301,-0.31990342974398533,-0.09266685341503655,-0.2543127886726968
"[-0.009999999999999998, -0.0049999999999999975, 0.035, 0.010000000000000005, 0.0050000000000000044, 0.17]",grasping,25334,174004702,25.610149721729854,-0.11722779373759806,12.77979286959453,0.4975563932006435,0.45415789514791616,-0.32661017060102066
"[-0.009999999999999998, -0.0049999999999999975, 0.035, 0.010000000000000005, 0.0050000000000000044, 0.17]",grasping,25334,178004702,24.974051094590354,-0.2585831466908495,12.400287546177424,-0.4500619487081794,-0.15011652374861106,-0.25001844974159754
"[-0.009999999999999998, -0.0049999999999999975, 0.035, 0.010000000000000005, 0.0050000000000000044, 0.17]",grasping,25334,182004702,25.518061008779306,-0.030397401227936882,12.104014957288626,-0.26496633698209404,-0.08666189339889119,-0.25504055391821645
"[-0.009999999999999998, -0.0049999999999999975, 0.035, 0.010000000000000005, 0.0050000000000000044, 0.17]",grasping,25334,186004702,25.61691872949215,-0.13236409807820237,12.781101999262972,0.4948427560406743,0.44742343186418143,-0.32596778499550777
"[-0.009999999999999998, -0.0049999999999999975, 0.035, 0.010000000000000005, 0.0050000000000000044, 0.17]",grasping,25334,190004702,25.006833459990748,-0.2755080576569924,12.431508240552091,-0.44510458986620627,-0.15561031948748738,-0.25050667639824126
"[-0.009999999999999998, -0.0049999999999999975, 0.035, 0.010000000000000005, 0.0050000000000000044, 0.17]",grasping,25334,194004702,25.54070872651419,-0.04848350597604423,12.150311568235537,-0.2563440345694361,-0.09275702035635791,-0.25551851893942
"[-0.009999999999999998, -0.0049999999999999975, 0.035, 0.010000000000000005, 0.0050000000000000044, 0.17]",grasping,25334,198004702,25.55756170790005,-0.06692560849595708,11.955374021091956,-0.3454878550188094,-0.10206934349514318,-0.25241255861032147
"[-0.009999999999999998, -0.0049999999999999975, 0.035, 0.010000000000000005, 0.0050000000000000044, 0.17]",grasping,25334,202004702,25.601320858283895,-0.07829835330646517,11.915609867732627,-0.33987500023090167,-0.0962424310408756,-0.25380462470624754
"[-0.009999999999999998, -0.0049999999999999975, 0.035, 0.010000000000000005, 0.0050000000000000044, 0.17]",grasping,25334,206004702,25.724180698899527,-0.15882467860832605,12.893364494712216,-0.0801045342435871,-0.06898915256478233,-0.28842511273126037
"[-0.009999999999999998, -0.0049999999999999975, 0.035, 0.010000000000000005, 0.0050000000000000044, 0.17]",grasping,25334,210004702,25.481223566455373,-0.07770007660944955,12.190971605438023,-0.3668654978392918,-0.13647545174863218,-0.24601620041674152
"[-0.009999999999999998, -0.0049999999999999975, 0.035, 0.010000000000000005, 0.0050000000000000044, 0.17]",grasping,25334,214004702,25.536894627737315,-0.17764040761673172,13.182157209739472,-0.09371976595829823,-0.10356892821072616,-0.2836437168679605
"[-0.009999999999999998, -0.0049999999999999975, 0.035, 0.010000000000000005, 0.0050000000000000044, 0.17]",grasping,25334,218004702,25.357634555122935,-0.16151470648316035,13.591777908155734,-0.05726711819215735,-0.14043493126539275,-0.2771732244882526
"[-0.009999999999999998, -0.0049999999999999975, 0.035, 0.010000000000000005, 0.0050000000000000044, 0.17]",grasping,25334,222004702,25.257962436692466,-0.16598418779038937,13.73876847146181,-0.0628742330821126,-0.1652716103625791,-0.2724012323115232
"[-0.009999999999999998, -0.0049999999999999975, 0.035, 0.010000000000000005, 0.0050000000000000044, 0.17]",grasping,25334,226004702,25.197577873814435,-0.17016380227007488,13.79594591161225,-0.06529246730613503,-0.17962688304611585,-0.2701075203649369
"[-0.009999999999999998, -0.0049999999999999975, 0.035, 0.010000000000000005, 0.0050000000000000044, 0.17]",grasping,25334,230004702,25.161220989822183,-0.17418073670564382,13.821784151369002,-0.06573366255158852,-0.18873109265103705,-0.2689977512472448
"[-0.009999999999999998, -0.0049999999999999975, 0.035, 0.010000000000000005, 0.0050000000000000044, 0.17]",grasping,25334,234004702,25.138916892607796,-0.17793232751149546,13.836194788317556,-0.06526377880582457,-0.19517631077856623,-0.26840907401529657
"[-0.009999999999999998, -0.0049999999999999975, 0.035, 0.010000000000000005, 0.0050000000000000044, 0.17]",grasping,25334,238004702,25.125337402256186,-0.18147707303002747,13.84614927255518,-0.06443898855573105,-0.20014964556793013,-0.2680759416488699
"[-0.009999999999999998, -0.0049999999999999975, 0.035, 0.010000000000000005, 0.0050000000000000044, 0.17]",grasping,25334,242004702,25.117493514764334,-0.18488337465932858,13.8542523798221,-0.06347809238724356,-0.20422490272180127,-0.26788549802371514
"[-0.009999999999999998, -0.0049999999999999975, 0.035, 0.010000000000000005, 0.0050000000000000044, 0.17]",grasping,25334,246004702,25.11353595745753,-0.1882012609576833,13.861537988878524,-0.062458420900714184,-0.20771549324928618,-0.2677835875148099
"[-0.009999999999999998, -0.0049999999999999975, 0.035, 0.010000000000000005, 0.0050000000000000044, 0.17]",grasping,25334,250004702,25.11229371611831,-0.1914526076040488,13.86841634772938,-0.06141118195896045,-0.21080524212244756,-0.26773763879017115
"[-0.009999999999999998, -0.0049999999999999975, 0.035, 0.010000000000000005, 0.0050000000000000044, 0.17]",grasping,25334,254004702,25.114470364875057,-0.19624685315902823,13.878597960784646,-0.0598115148302103,-0.21486245978056995,-0.26775196851867644
"[-0.009999999999999998, -0.0049999999999999975, 0.035, 0.010000000000000005, 0.0050000000000000044, 0.17]",grasping,25334,259004702,25.117406617817565,-0.19940619912308932,13.88524720004736,-0.058735750275598964,-0.21734753870735557,-0.267790754723157
"[-0.009999999999999998, -0.0049999999999999975, 0.035, 0.010000000000000005, 0.0050000000000000044, 0.17]",grasping,25334,262004702,32.81688588367682,-0.9265517485130204,15.422672951928945,0.004496165949988473,0.470777064385534,-0.12796390979435585
"[-0.009999999999999998, -0.0049999999999999975, 0.035, 0.010000000000000005, 0.0050000000000000044, 0.17]",grasping,25334,266004702,45.06354395456407,0.08039909188952166,-35.071046998819526,-0.24033383144799725,1.8518704943908337,-0.7434339208815384
"[-0.009999999999999998, -0.0049999999999999975, 0.035, 0.010000000000000005, 0.0050000000000000044, 0.17]",grasping,25334,270004702,53.442799379916636,-1.1048884740546256,-107.67716503627554,-0.9434346157366527,3.096116738856752,-1.711710686949559
"[-0.009999999999999998, -0.0049999999999999975, 0.035, 0.010000000000000005, 0.0050000000000000044, 0.17]",grasping,25334,274004702,25.596076853743114,-10.901533910708714,-210.11974664322824,-1.4605471919365196,1.3446782915454918,0.7499285331034533
"[-0.009999999999999998, -0.0049999999999999975, 0.035, 0.010000000000000005, 0.0050000000000000044, 0.17]",grasping,25334,278004702,25.17656891741089,-11.822794884330662,-222.44138219940447,-1.7333697910441113,1.4393505758178506,0.4944048306844048
"[-0.009999999999999998, -0.0049999999999999975, 0.035, 0.010000000000000005, 0.0050000000000000044, 0.17]",grasping,25334,282004702,11.300323031584401,9.379889742275136,-205.29372492293334,-1.8520740805636784,0.8950116370168314,-2.2820457882730434
"[-0.009999999999999998, -0.0049999999999999975, 0.035, 0.010000000000000005, 0.0050000000000000044, 0.17]",grasping,25334,286004702,18.415332833901974,-0.012875412199431224,-215.40226301486345,-1.9144108579777845,1.0343474648541122,-2.4129057185981484
"[-0.009999999999999998, -0.0049999999999999975, 0.035, 0.010000000000000005, 0.0050000000000000044, 0.17]",grasping,25334,290004702,28.733337837713986,-5.3859634473096385,-229.44159712387025,-2.8914291517836626,1.5111401007901595,2.204463317813147
"[-0.009999999999999998, -0.0049999999999999975, 0.035, 0.010000000000000005, 0.0050000000000000044, 0.17]",grasping,25334,294004702,40.041568724730766,-20.96491427986257,-244.61376141274457,-2.9960939397349096,1.8842675047702544,3.9625677513466186
"[-0.009999999999999998, -0.0049999999999999975, 0.035, 0.010000000000000005, 0.0050000000000000044, 0.17]",grasping,25334,298004702,28.881823330703785,-9.137128921198112,-230.17697923684983,-4.0386541626012615,1.4540811403763159,0.9988044612419791
"[-0.009999999999999998, -0.0049999999999999975, 0.035, 0.010000000000000005, 0.0050000000000000044, 0.17]",grasping,25334,302004702,30.322065522531773,-6.987182799913214,-232.00453577489995,-3.072759805900942,1.6243470209729762,3.2985093614727443
"[-0.009999999999999998, -0.0049999999999999975, 0.035, 0.010000000000000005, 0.0050000000000000044, 0.17]",grasping,25334,306004702,14.647413326912055,6.150424163760736,-211.2539396650684,-2.091064333327373,0.9550820672963762,-2.433279075049163
"[-0.009999999999999998, -0.0049999999999999975, 0.035, 0.010000000000000005, 0.0050000000000000044, 0.17]",grasping,25334,310004702,1.9232223690210546,33.24024807538582,-193.71889025950347,-4.293797754890467,0.7406964632142805,-0.9809605952145595
"[-0.009999999999999998, -0.0049999999999999975, 0.035, 0.010000000000000005, 0.0050000000000000044, 0.17]",grasping,25334,314004702,1.6673370603351536,30.186082762779737,-193.56328569550158,-2.495160961446758,0.6399253669403828,-2.932913220534715
"[-0.009999999999999998, -0.0049999999999999975, 0.035, 0.010000000000000005, 0.0050000000000000044, 0.17]",grasping,25334,318004702,17.225985397844042,11.2255044088289,-214.6562307033353,-3.0195988189872054,1.285197596145947,1.5194605254562141
"[-0.009999999999999998, -0.0049999999999999975, 0.035, 0.010000000000000005, 0.0050000000000000044, 0.17]",grasping,25334,322004702,14.358912102081014,5.647754306079911,-211.17426840343137,-2.0677350730265167,1.022982557753899,-2.5438294246986315
"[-0.009999999999999998, -0.0049999999999999975, 0.035, 0.010000000000000005, 0.0050000000000000044, 0.17]",grasping,25334,326004702,32.87281008412053,-13.715911063881265,-236.7785830781122,-4.550988493637931,1.8914018744867882,4.5039634854016235
"[-0.009999999999999998, -0.0049999999999999975, 0.035, 0.010000000000000005, 0.0050000000000000044, 0.17]",grasping,25334,330004702,-1.3451828111655395,41.13282607933546,-188.34383335801436,-3.04439282834105,0.7795282532030545,-0.7859405749607606
"[-0.009999999999999998, -0.0049999999999999975, 0.035, 0.010000000000000005, 0.0050000000000000044, 0.17]",grasping,25334,335004702,-0.5065529190032052,42.50623999946404,-189.41153980632208,-3.2393222957930274,0.822314371089436,-0.6971235968176692
"[-0.009999999999999998, -0.0049999999999999975, 0.035, 0.010000000000000005, 0.0050000000000000044, 0.17]",grasping,25334,338004702,33.23714869116351,-23.027945048355292,-239.61950165159593,-2.426397438149469,1.6921168086799305,0.24036632591096185
"[-0.009999999999999998, -0.0049999999999999975, 0.035, 0.010000000000000005, 0.0050000000000000044, 0.17]",grasping,25334,342004702,13.44030318697998,11.994991307525089,-210.37847845092733,-2.632179327222782,1.1891472861948085,-0.9496437096360419
"[-0.009999999999999998, -0.0049999999999999975, 0.035, 0.010000000000000005, 0.0050000000000000044, 0.17]",grasping,25334,346004702,12.898822177536971,12.528397011124593,-209.52252389349218,-2.6138033741592315,1.2111605136644137,-0.9041409125133496
"[-0.009999999999999998, -0.0049999999999999975, 0.035, 0.010000000000000005, 0.0050000000000000044, 0.17]",grasping,25334,350004702,14.268673742424113,12.583782060463925,-211.48346181354478,-2.828919393897885,1.2953630115015888,-0.24433001392658094
"[-0.009999999999999998, -0.0049999999999999975, 0.035, 0.010000000000000005, 0.0050000000000000044, 0.17]",grasping,25334,354004702,33.44450400791473,-13.845177577344735,-240.59284427658966,-3.633469766392066,2.1026209878796336,5.589233159789976
"[-0.009999999999999998, -0.0049999999999999975, 0.035, 0.010000000000000005, 0.0050000000000000044, 0.17]",grasping,25334,358004702,14.249267327674712,13.423234530255009,-211.67150907765787,-2.922577689522881,1.332091212458076,-0.2860984449773109
"[-0.009999999999999998, -0.0049999999999999975, 0.035, 0.010000000000000005, 0.0050000000000000044, 0.17]",grasping,25334,362004702,-5.567581844812544,39.10338489938731,-181.48823566603068,-1.8564517423492828,0.44963037353923707,-7.798256744160372
"[-0.009999999999999998, -0.0049999999999999975, 0.035, 0.010000000000000005, 0.0050000000000000044, 0.17]",grasping,25334,366004702,11.989738074323332,14.707011836935218,-208.31016682487638,-2.6982939738037874,1.2958649742111321,-1.1176612045990946
"[-0.009999999999999998, -0.0049999999999999975, 0.035, 0.010000000000000005, 0.0050000000000000044, 0.17]",grasping,25334,370004702,13.568195962901246,14.713434005625533,-210.42612269061237,-2.944583668980398,1.4013404503684894,-0.1993924439917699
"[-0.009999999999999998, -0.0049999999999999975, 0.035, 0.010000000000000005, 0.0050000000000000044, 0.17]",grasping,25334,374004702,-5.249945215248459,41.06261170314025,-180.28418717704943,-1.9093503856714282,0.5579806406032026,-7.373970526629667
"[-0.009999999999999998, -0.0049999999999999975, 0.035, 0.010000000000000005, 0.0050000000000000044, 0.17]",grasping,25334,378004702,13.538065603609752,15.122196040772602,-210.4389327993483,-2.979572026957267,1.4296717477793504,-0.3802606606150297
"[-0.009999999999999998, -0.0049999999999999975, 0.035, 0.010000000000000005, 0.0050000000000000044, 0.17]",grasping,25334,382004702,-5.656325390441207,36.583770236581465,-179.94440212162215,-1.3520136537075187,0.4013057605253656,-10.252782894986604
"[-0.009999999999999998, -0.0049999999999999975, 0.035, 0.010000000000000005, 0.0050000000000000044, 0.17]",grasping,25334,386004702,30.601466948046728,-9.09605826174753,-238.77114978312238,-4.074745723265844,2.3075002878740385,6.7272584309975
"[-0.009999999999999998, -0.0049999999999999975, 0.035, 0.010000000000000005, 0.0050000000000000044, 0.17]",grasping,25334,390004702,30.887450521703315,-11.750937644283297,-239.89116811666867,-3.9773627640844516,2.3244250196267933,6.451730737639177
"[-0.009999999999999998, -0.0049999999999999975, 0.035, 0.010000000000000005, 0.0050000000000000044, 0.17]",grasping,25334,394004702,17.075008587110872,18.911496402805657,-214.4609211339346,-5.334711342865864,1.8531708992314866,3.6624605701347592
"[-0.009999999999999998, -0.0049999999999999975, 0.035, 0.010000000000000005, 0.0050000000000000044, 0.17]",grasping,25334,398004702,-3.174302053660739,41.28166716902274,-180.80433121027102,-3.3413858255575066,0.6917556152901823,-7.762998199620792
"[-0.009999999999999998, -0.0049999999999999975, 0.035, 0.010000000000000005, 0.0050000000000000044, 0.17]",grasping,25334,402004702,12.94503059264824,10.568171257514605,-210.26728426176282,-2.5567354545707843,1.4576142133792065,-2.066116480691494
"[-0.009999999999999998, -0.0049999999999999975, 0.035, 0.010000000000000005, 0.0050000000000000044, 0.17]",grasping,25334,406004702,30.55217097712091,-24.223052104595403,-243.33894757717965,-3.287752530391278,2.2919595844342266,4.1802365354607325
"[-0.009999999999999998, -0.0049999999999999975, 0.035, 0.010000000000000005, 0.0050000000000000044, 0.17]",grasping,25334,410004702,13.158032638215857,12.312340106177997,-209.02222253404415,-2.7123710699104127,1.6678269393933354,-0.18177293172354397
"[-0.009999999999999998, -0.0049999999999999975, 0.035, 0.010000000000000005, 0.0050000000000000044, 0.17]",grasping,25334,414004702,11.667552871775474,9.528539045907557,-207.72773004685644,-2.2610794581963445,1.516107800760326,-2.293058366551107
"[-0.009999999999999998, -0.0049999999999999975, 0.035, 0.010000000000000005, 0.0050000000000000044, 0.17]",grasping,25334,418004702,-3.609872413392935,51.42270597871017,-174.05970138463152,-2.1848969924738624,0.9941969371250218,-5.281005369816011
"[-0.009999999999999998, -0.0049999999999999975, 0.035, 0.010000000000000005, 0.0050000000000000044, 0.17]",grasping,25334,422004702,12.138328611009765,11.513449638603092,-208.76008384054307,-2.5637256257465433,1.5878601379332997,-1.7250701111321018
"[-0.009999999999999998, -0.0049999999999999975, 0.035, 0.010000000000000005, 0.0050000000000000044, 0.17]",grasping,25334,426004702,-2.505113643602055,64.10638461272364,-170.63182398228287,-4.480174405791809,1.38853292436089,-1.173010879223654
"[-0.009999999999999998, -0.0049999999999999975, 0.035, 0.010000000000000005, 0.0050000000000000044, 0.17]",grasping,25334,430004702,-6.289931303247524,54.44165230610296,-167.7908712257381,-1.6376196047290832,0.8370299779390595,-7.98629282269888
"[-0.009999999999999998, -0.0049999999999999975, 0.035, 0.010000000000000005, 0.0050000000000000044, 0.17]",grasping,25334,434004702,10.672162237744537,15.141850432310838,-205.86514366157263,-2.596215457576429,1.6532011205652246,-1.7200183398855795
"[-0.009999999999999998, -0.0049999999999999975, 0.035, 0.010000000000000005, 0.0050000000000000044, 0.17]",grasping,25334,438004702,10.813962337218616,9.188016732900318,-208.85650308900549,-2.306067837611713,1.446852861666582,-4.182665991088956
"[-0.009999999999999998, -0.0049999999999999975, 0.035, 0.010000000000000005, 0.0050000000000000044, 0.17]",grasping,25334,442004702,14.371704884184158,17.434041496746772,-211.83749270130963,-3.5343625388244595,1.906564277814751,0.9934158780432047
"[-0.009999999999999998, -0.0049999999999999975, 0.035, 0.010000000000000005, 0.0050000000000000044, 0.17]",grasping,25334,446004702,65.99585096502659,-110.01025462027614,-340.80647211161175,-7.436362902111249,4.485846673539378,22.642046052177157
"[-0.009999999999999998, -0.0049999999999999975, 0.035, 0.010000000000000005, 0.0050000000000000044, 0.17]",grasping,25334,450004702,8.79722068655359,9.920909093696066,-206.05841809694715,-2.023824417992473,1.4055530685245445,-5.562893975644844
"[-0.009999999999999998, -0.0049999999999999975, 0.035, 0.010000000000000005, 0.0050000000000000044, 0.17]",grasping,25334,454004702,21.035529359303716,-42.483552728979504,-246.48492696702613,-3.4928901545347335,1.7937891419796486,-3.7604335376520446
"[-0.009999999999999998, -0.0049999999999999975, 0.035, 0.010000000000000005, 0.0050000000000000044, 0.17]",grasping,25334,458004702,11.10396558200516,18.612815233504612,-204.07353196089946,-2.794716078098853,1.951576024776907,-0.3715585314083587
"[-0.009999999999999998, -0.0049999999999999975, 0.035, 0.010000000000000005, 0.0050000000000000044, 0.17]",grasping,25334,462004702,13.04618299203354,14.850229368424708,-208.9297316789908,-3.027585918787869,1.9763570313116503,0.005997417334941663
"[-0.009999999999999998, -0.0049999999999999975, 0.035, 0.010000000000000005, 0.0050000000000000044, 0.17]",grasping,25334,466004702,13.854779962049163,12.51670211130375,-212.12388165369813,-3.1731473520115046,1.951474053996987,-0.16385369090697074
"[-0.009999999999999998, -0.0049999999999999975, 0.035, 0.010000000000000005, 0.0050000000000000044, 0.17]",grasping,25334,470004702,25.0481001551095,-36.69129725805964,-253.37948159331884,-3.798815349470755,2.6818211244229904,5.170908063164379
"[-0.009999999999999998, -0.0049999999999999975, 0.035, 0.010000000000000005, 0.0050000000000000044, 0.17]",grasping,25334,474004702,31.918828298916242,-25.090929623146316,-259.50180672815776,-5.89744037228129,3.573812729958245,14.641971046534731
"[-0.009999999999999998, -0.0049999999999999975, 0.035, 0.010000000000000005, 0.0050000000000000044, 0.17]",grasping,25334,478004702,12.68794210407427,14.526208182781374,-208.95416988710855,-3.0350386640424776,2.0156540724459213,-0.21439441126631895
"[-0.009999999999999998, -0.0049999999999999975, 0.035, 0.010000000000000005, 0.0050000000000000044, 0.17]",grasping,25334,482004702,3.7030900931138575,-3.424279043881416,-205.3828400187777,-0.6209147873431875,0.8093679383415563,-12.526721471317886
"[-0.009999999999999998, -0.0049999999999999975, 0.035, 0.010000000000000005, 0.0050000000000000044, 0.17]",grasping,25334,486004702,7.676507811850561,10.493208759086404,-203.91573118719992,-1.9196676575191152,1.5195254744849422,-5.7290654579855556
"[-0.009999999999999998, -0.0049999999999999975, 0.035, 0.010000000000000005, 0.0050000000000000044, 0.17]",grasping,25334,490004702,6.244952349786249,9.929831706383812,-202.09464910555607,-1.6061645975587555,1.3733506553670916,-7.2747945093390545
"[-0.009999999999999998, -0.0049999999999999975, 0.035, 0.010000000000000005, 0.0050000000000000044, 0.17]",grasping,25334,494004702,29.915880797685993,-20.02882866020778,-261.7247323322998,-6.761737672481526,3.7095024978886566,15.881523053101295
"[-0.009999999999999998, -0.0049999999999999975, 0.035, 0.010000000000000005, 0.0050000000000000044, 0.17]",grasping,25334,498004702,12.951130877314473,20.793608594260853,-208.69224818523818,-3.5690871588335558,2.039278625892294,-0.04951822099080716
"[-0.009999999999999998, -0.0049999999999999975, 0.035, 0.010000000000000005, 0.0050000000000000044, 0.17]",grasping,25334,502004702,12.341043013211836,23.237531988023488,-205.87227286605503,-3.442925633159268,2.0403953311819825,-0.39991517480138916
"[-0.009999999999999998, -0.0049999999999999975, 0.035, 0.010000000000000005, 0.0050000000000000044, 0.17]",grasping,25334,506004702,4.697038792145518,71.9166439729565,-158.0659382918128,-3.232764484740623,1.2487592380827868,-7.995313400158373
"[-0.009999999999999998, -0.0049999999999999975, 0.035, 0.010000000000000005, 0.0050000000000000044, 0.17]",grasping,25334,510004702,-1.3861351638050614,59.29123171635058,-155.58220202595152,-0.11319821638363559,0.3889643255678328,-16.16947427620419
"[-0.009999999999999998, -0.0049999999999999975, 0.035, 0.010000000000000005, 0.0050000000000000044, 0.17]",grasping,25334,514004702,20.08070020778985,-15.75126812399268,-247.17387865938446,-5.229615449946483,2.909339043034321,7.573288124637052
"[-0.009999999999999998, -0.0049999999999999975, 0.035, 0.010000000000000005, 0.0050000000000000044, 0.17]",grasping,25334,518004702,14.261584565756138,25.943714682161694,-205.30362027390493,-5.10584787827482,2.1488696981930806,0.4160577575626523
"[-0.009999999999999998, -0.0049999999999999975, 0.035, 0.010000000000000005, 0.0050000000000000044, 0.17]",grasping,25334,522004702,14.57277235895482,23.650679654996452,-207.98318770367624,-3.797744655854849,2.108507428519333,0.34339203456969547
"[-0.009999999999999998, -0.0049999999999999975, 0.035, 0.010000000000000005, 0.0050000000000000044, 0.17]",grasping,25334,526004702,10.204787352417043,15.561132444727397,-205.94890679501293,-2.6811088587260556,1.5609574726106736,-4.829172913156499
"[-0.009999999999999998, -0.0049999999999999975, 0.035, 0.010000000000000005, 0.0050000000000000044, 0.17]",grasping,25334,530004702,10.268119427533469,15.608466852882655,-204.41535856423016,-2.515026337010043,1.6013183495096435,-4.791953852176125
"[-0.009999999999999998, -0.0049999999999999975, 0.035, 0.010000000000000005, 0.0050000000000000044, 0.17]",grasping,25334,534004702,14.999023818444496,21.07276939782533,-207.64776987539227,-3.5642441624603722,2.1479868720844846,0.28533227247194426
"[-0.009999999999999998, -0.0049999999999999975, 0.035, 0.010000000000000005, 0.0050000000000000044, 0.17]",grasping,25334,538004702,20.556533805671283,-19.065499231158768,-252.95252504586904,-7.2910685032837605,3.164913100442627,10.121700917616486
"[-0.009999999999999998, -0.0049999999999999975, 0.035, 0.010000000000000005, 0.0050000000000000044, 0.17]",grasping,25334,543004702,11.56321780849881,60.32967384009493,-162.81701561721013,-2.7424226831657017,1.2540341088282012,-8.49251561237877
"[-0.009999999999999998, -0.0049999999999999975, 0.035, 0.010000000000000005, 0.0050000000000000044, 0.17]",grasping,25334,546004702,8.293783103245879,10.53004674998967,-201.52857865402814,-1.6621159466160762,1.2575256616034336,-7.713847394160624
"[-0.009999999999999998, -0.0049999999999999975, 0.035, 0.010000000000000005, 0.0050000000000000044, 0.17]",grasping,25334,550004702,15.786718988886294,21.22429392317468,-205.43939565951501,-3.355331242886437,2.132054852113554,0.18107331377465052
"[-0.009999999999999998, -0.0049999999999999975, 0.035, 0.010000000000000005, 0.0050000000000000044, 0.17]",grasping,25334,554004702,5.807755345989785,7.6867922309787104,-199.2352932475388,-1.0548742613105015,0.846165590145871,-10.880162471900128
"[-0.009999999999999998, -0.0049999999999999975, 0.035, 0.010000000000000005, 0.0050000000000000044, 0.17]",grasping,25334,558004702,14.61741463041773,23.149548714880815,-199.8994426448098,-2.7929210317980973,1.9142141846503378,-1.8237279210874549
"[-0.009999999999999998, -0.0049999999999999975, 0.035, 0.010000000000000005, 0.0050000000000000044, 0.17]",grasping,25334,562004702,23.125344360851106,-3.1997304649242153,-246.00124806692372,-6.6362090166391745,3.521885582324689,13.614479008763228
"[-0.009999999999999998, -0.0049999999999999975, 0.035, 0.010000000000000005, 0.0050000000000000044, 0.17]",grasping,25334,566004702,14.37277905690896,57.06116986432958,-167.20836877323046,-1.5658198457208328,1.0076991773933162,-9.041728463973623
"[-0.009999999999999998, -0.0049999999999999975, 0.035, 0.010000000000000005, 0.0050000000000000044, 0.17]",grasping,25334,570004702,21.869636554986442,64.98353565847404,-173.85802362950585,-3.333336688646963,1.8267272412091653,-1.6245196603912049
"[-0.009999999999999998, -0.0049999999999999975, 0.035, 0.010000000000000005, 0.0050000000000000044, 0.17]",grasping,25334,574004702,20.263343496384213,60.07714592639261,-176.61398954427804,-3.1908518851519974,1.5684053152150357,-3.2745220851441186
"[-0.009999999999999998, -0.0049999999999999975, 0.035, 0.010000000000000005, 0.0050000000000000044, 0.17]",grasping,25334,578004702,9.62606293666808,16.11017906292146,-202.5375760346171,-3.7731886273819524,0.9806211604330395,-7.752083729615272
"[-0.009999999999999998, -0.0049999999999999975, 0.035, 0.010000000000000005, 0.0050000000000000044, 0.17]",grasping,25334,582004702,15.000859914393855,49.428242132891796,-174.18902051229358,-1.7789887278810572,0.8985512436814851,-9.213256610979832
"[-0.009999999999999998, -0.0049999999999999975, 0.035, 0.010000000000000005, 0.0050000000000000044, 0.17]",grasping,25334,586004702,19.041421655130048,-26.31539948506719,-270.2097636894097,-9.12011190068267,3.6243529070467093,15.730648252251957
"[-0.009999999999999998, -0.0049999999999999975, 0.035, 0.010000000000000005, 0.0050000000000000044, 0.17]",grasping,25334,590004702,12.992601966103067,-7.759833385090474,-234.05038835479536,-4.461530549844298,2.101055186417682,2.1368299848939714
"[-0.009999999999999998, -0.0049999999999999975, 0.035, 0.010000000000000005, 0.0050000000000000044, 0.17]",grasping,25334,594004702,16.789738375763406,20.591625945869026,-203.67461930234424,-3.1197594122320504,1.8377456745715446,-1.3115514127671695
"[-0.009999999999999998, -0.0049999999999999975, 0.035, 0.010000000000000005, 0.0050000000000000044, 0.17]",grasping,25334,598004702,14.013311485373528,14.219122790438355,-203.7206373136695,-2.4944070396983014,1.478231363914487,-4.077627650571192
"[-0.009999999999999998, -0.0049999999999999975, 0.035, 0.010000000000000005, 0.0050000000000000044, 0.17]",grasping,25334,602004702,18.10718678638325,18.122467717237996,-206.89004864686768,-3.379016293583971,1.9645668513317218,0.1399215883401595
"[-0.009999999999999998, -0.0049999999999999975, 0.035, 0.010000000000000005, 0.0050000000000000044, 0.17]",grasping,25334,606004702,13.16416606488026,-11.3870683932943,-235.13363891604533,-4.364602840808768,2.126885911862321,2.791953174522855
"[-0.009999999999999998, -0.0049999999999999975, 0.035, 0.010000000000000005, 0.0050000000000000044, 0.17]",grasping,25334,610004702,19.537338989416533,40.49944880127369,-182.70462387631494,-3.6447624748429868,1.2556189718579716,-5.469216402906643
"[-0.009999999999999998, -0.0049999999999999975, 0.035, 0.010000000000000005, 0.0050000000000000044, 0.17]",grasping,25334,614004702,15.455306153681402,14.648307009349352,-207.0959332932999,-3.0387348615488197,1.526816451045208,-2.460335682364474
"[-0.009999999999999998, -0.0049999999999999975, 0.035, 0.010000000000000005, 0.0050000000000000044, 0.17]",grasping,25334,618004702,19.857895627014095,40.14012893891874,-183.88679179003321,-2.350985759050924,1.2287032918916787,-5.275307627675792
"[-0.009999999999999998, -0.0049999999999999975, 0.035, 0.010000000000000005, 0.0050000000000000044, 0.17]",grasping,25334,622004702,16.760032012879538,16.35400925703976,-208.40676487027815,-4.84087770092328,1.6417915356577282,-1.146920897842904
"[-0.009999999999999998, -0.0049999999999999975, 0.035, 0.010000000000000005, 0.0050000000000000044, 0.17]",grasping,25334,626004702,18.628301090790774,-0.3098046780897228,-234.50935236322107,-5.454255328230756,2.713986892003151,7.973503774549565
"[-0.009999999999999998, -0.0049999999999999975, 0.035, 0.010000000000000005, 0.0050000000000000044, 0.17]",grasping,25334,630004702,19.272247500238002,37.29351445974071,-185.1280773577636,-3.678435339364591,1.0649528986073356,-6.041551026971696
"[-0.009999999999999998, -0.0049999999999999975, 0.035, 0.010000000000000005, 0.0050000000000000044, 0.17]",grasping,25334,634004702,12.687147629184832,-8.655805589727478,-236.00394901170313,-4.78389669754664,2.0093310783343057,3.1792980240737654
"[-0.009999999999999998, -0.0049999999999999975, 0.035, 0.010000000000000005, 0.0050000000000000044, 0.17]",grasping,25334,638004702,13.047428755735986,28.085029649382776,-182.4934022672424,-2.3534296548763907,0.23968094620742675,-12.310431193940971
"[-0.009999999999999998, -0.0049999999999999975, 0.035, 0.010000000000000005, 0.0050000000000000044, 0.17]",grasping,25334,642004702,20.877666420580553,36.886983564027375,-186.76135580634806,-2.4772254261028843,1.223986265702814,-4.618997427755104
"[-0.009999999999999998, -0.0049999999999999975, 0.035, 0.010000000000000005, 0.0050000000000000044, 0.17]",grasping,25334,646004702,14.001285747399649,11.464200029616443,-205.78342655236,-2.5844358693197904,1.1715688080519877,-4.427611168916978
"[-0.009999999999999998, -0.0049999999999999975, 0.035, 0.010000000000000005, 0.0050000000000000044, 0.17]",grasping,25334,650004702,14.207237798050446,11.430912195036345,-205.35836592379013,-2.537048603049592,1.1620151977601987,-4.427123433410832
"[-0.009999999999999998, -0.0049999999999999975, 0.035, 0.010000000000000005, 0.0050000000000000044, 0.17]",grasping,25334,654004702,21.428244400907246,20.303457198557084,-208.10327430100122,-3.878587192624568,2.0338496238751795,2.3262954428240814
"[-0.009999999999999998, -0.0049999999999999975, 0.035, 0.010000000000000005, 0.0050000000000000044, 0.17]",grasping,25334,658004702,24.71379753441965,38.83768113185408,-190.54465031386016,-3.266158440828728,1.588511286111442,-1.0577264252592542
"[-0.009999999999999998, -0.0049999999999999975, 0.035, 0.010000000000000005, 0.0050000000000000044, 0.17]",grasping,25334,662004702,6.705145685008141,-11.618760961023384,-226.56461577620036,-3.17738162192971,0.9913469881409563,-4.033376339234932
"[-0.009999999999999998, -0.0049999999999999975, 0.035, 0.010000000000000005, 0.0050000000000000044, 0.17]",grasping,25334,666004702,15.212981569808765,14.770713609951155,-202.7559183216185,-2.529467336652637,1.0674124614426106,-4.574781868629184
"[-0.009999999999999998, -0.0049999999999999975, 0.035, 0.010000000000000005, 0.0050000000000000044, 0.17]",grasping,25334,670004702,22.92342612332878,36.14875155955671,-189.96002626742757,-4.3426182549073085,1.26955911324583,-3.0716086019507802
"[-0.009999999999999998, -0.0049999999999999975, 0.035, 0.010000000000000005, 0.0050000000000000044, 0.17]",grasping,25334,674004702,17.850656599089646,17.2131756469897,-209.76101321952746,-3.7735847388704955,1.4547762377941444,-0.6279993102523844
"[-0.009999999999999998, -0.0049999999999999975, 0.035, 0.010000000000000005, 0.0050000000000000044, 0.17]",grasping,25334,678004702,20.252702560779852,32.66199131821644,-191.29082672725588,-2.723827256076097,0.9247882298130199,-5.041520519997109
"[-0.009999999999999998, -0.0049999999999999975, 0.035, 0.010000000000000005, 0.0050000000000000044, 0.17]",grasping,25334,682004702,17.8034055289009,18.016251063002127,-206.66720706474135,-3.426866656753192,1.3336897255403828,-1.6100110591844359
"[-0.009999999999999998, -0.0049999999999999975, 0.035, 0.010000000000000005, 0.0050000000000000044, 0.17]",grasping,25334,686004702,16.209245570711246,4.747288689677966,-222.96628833365696,-4.407494321313437,1.8588698077838672,2.789051726218447
"[-0.009999999999999998, -0.0049999999999999975, 0.035, 0.010000000000000005, 0.0050000000000000044, 0.17]",grasping,25334,690004702,22.34647962712892,21.90911929691322,-209.25526527391332,-4.241122483754133,1.910923005399126,2.7455052318836497
"[-0.009999999999999998, -0.0049999999999999975, 0.035, 0.010000000000000005, 0.0050000000000000044, 0.17]",grasping,25334,694004702,21.380490918204213,20.241780029789904,-210.67781029310575,-4.2682740211603,1.814670119203182,2.3415019016817507
"[-0.009999999999999998, -0.0049999999999999975, 0.035, 0.010000000000000005, 0.0050000000000000044, 0.17]",grasping,25334,698004702,14.120479692806983,1.9243496957191688,-225.45194705487074,-4.469037924408816,1.622692768196159,1.7661452457516242
"[-0.009999999999999998, -0.0049999999999999975, 0.035, 0.010000000000000005, 0.0050000000000000044, 0.17]",grasping,25334,702004702,14.01636786485291,2.761752457284686,-222.009221102164,-4.074824746043318,1.4888568224275434,0.6051946676642812
"[-0.009999999999999998, -0.0049999999999999975, 0.035, 0.010000000000000005, 0.0050000000000000044, 0.17]",grasping,25334,706004702,19.35330573413685,17.30953412971936,-208.6042565182434,-3.6875459455582935,1.481225538708122,-0.015590175583354127
"[-0.009999999999999998, -0.0049999999999999975, 0.035, 0.010000000000000005, 0.0050000000000000044, 0.17]",grasping,25334,710004702,19.10530795666242,8.835890135768857,-221.99432491479828,-4.738884338352609,2.044152663853372,4.614403683785332
"[-0.009999999999999998, -0.0049999999999999975, 0.035, 0.010000000000000005, 0.0050000000000000044, 0.17]",grasping,25334,714004702,19.99408575025865,24.45262589359522,-196.73280546803434,-4.17275075263315,0.9715717745948675,-3.962470129023858
"[-0.009999999999999998, -0.0049999999999999975, 0.035, 0.010000000000000005, 0.0050000000000000044, 0.17]",grasping,25334,718004702,18.54894858451553,16.060788144763237,-207.47371696922002,-3.4157277360556293,1.293066395529497,-1.1477623245770026
"[-0.009999999999999998, -0.0049999999999999975, 0.035, 0.010000000000000005, 0.0050000000000000044, 0.17]",grasping,25334,722004702,19.340077818215033,10.83330037707583,-219.77386542280726,-4.638695349278375,1.905516253616811,3.8896786014442624
"[-0.009999999999999998, -0.0049999999999999975, 0.035, 0.010000000000000005, 0.0050000000000000044, 0.17]",grasping,25334,726004702,18.007812999965353,15.666622882786356,-209.0388832119765,-3.5932956793379156,1.2278703519268581,-1.1807297083169463
"[-0.009999999999999998, -0.0049999999999999975, 0.035, 0.010000000000000005, 0.0050000000000000044, 0.17]",grasping,25334,730004702,19.847137669900498,22.868387523766817,-201.39685668658916,-3.245659884993584,1.0405234967957775,-2.6593051497952507
"[-0.009999999999999998, -0.0049999999999999975, 0.035, 0.010000000000000005, 0.0050000000000000044, 0.17]",grasping,25334,734004702,19.295121069092588,17.217217961101305,-211.01718321114316,-5.46245562865354,1.4009458146911384,0.4357814181592249
"[-0.009999999999999998, -0.0049999999999999975, 0.035, 0.010000000000000005, 0.0050000000000000044, 0.17]",grasping,25334,738004702,19.505782204827774,17.304121654114237,-211.3562217559378,-4.0934632097008885,1.4331250012819652,0.708924493841779
"[-0.009999999999999998, -0.0049999999999999975, 0.035, 0.010000000000000005, 0.0050000000000000044, 0.17]",grasping,25334,742004702,19.609063440576698,20.5104551669887,-205.84747136639163,-3.639060916280845,1.1721613423859178,-1.3169176459113439
"[-0.009999999999999998, -0.0049999999999999975, 0.035, 0.010000000000000005, 0.0050000000000000044, 0.17]",grasping,25334,746004702,17.04786943083229,13.888438438766379,-210.11733762247337,-3.5674641906771565,1.1132147497811165,-1.6242991183502016
"[-0.009999999999999998, -0.0049999999999999975, 0.035, 0.010000000000000005, 0.0050000000000000044, 0.17]",grasping,25334,750004702,19.60904157404564,18.55090964242487,-206.81424827673678,-3.593245564034957,1.2430318649919043,-0.8982366372246585
"[-0.009999999999999998, -0.0049999999999999975, 0.035, 0.010000000000000005, 0.0050000000000000044, 0.17]",grasping,25334,754004702,19.244643509820804,15.357769242907917,-210.8900240276081,-3.8521166977915433,1.4036373455966298,0.37724200994321955
"[-0.009999999999999998, -0.0049999999999999975, 0.035, 0.010000000000000005, 0.0050000000000000044, 0.17]",grasping,25334,758004702,18.283622490869742,14.069957832824418,-210.6129320791525,-3.6806835149818076,1.2810539221059374,-0.4738216090050418
"[-0.009999999999999998, -0.0049999999999999975, 0.035, 0.010000000000000005, 0.0050000000000000044, 0.17]",grasping,25334,762004702,18.683133034572492,14.405443472853122,-210.88151068139905,-3.75721870983628,1.3317533594763853,-0.07734587492690953
"[-0.009999999999999998, -0.0049999999999999975, 0.035, 0.010000000000000005, 0.0050000000000000044, 0.17]",grasping,25334,766004702,18.661653761769323,14.51000868069412,-210.82636727232497,-3.7601714124795693,1.3175610347718796,-0.13173312482139837
"[-0.009999999999999998, -0.0049999999999999975, 0.035, 0.010000000000000005, 0.0050000000000000044, 0.17]",grasping,25334,770004702,18.425868113945473,13.914428614402603,-211.6385322600255,-3.813116222864846,1.3222072900847026,-0.018306417994721158
"[-0.009999999999999998, -0.0049999999999999975, 0.035, 0.010000000000000005, 0.0050000000000000044, 0.17]",grasping,25334,775004702,17.99983530293247,12.945968937548436,-212.37559876355525,-5.245699622866331,1.3080016543929691,-0.06324882211098048
"[-0.009999999999999998, -0.0049999999999999975, 0.035, 0.010000000000000005, 0.0050000000000000044, 0.17]",grasping,25334,778004702,17.862333544358467,12.48480047495776,-212.63759428473884,-3.8079853964539163,1.3082934208341706,-0.05869344242556376
"[-0.009999999999999998, -0.0049999999999999975, 0.035, 0.010000000000000005, 0.0050000000000000044, 0.17]",grasping,25334,782004702,17.719726542404306,11.883478480414645,-212.8460281903424,-3.778423040474816,1.3102127374396586,-0.06896992596589774
"[-0.009999999999999998, -0.0049999999999999975, 0.035, 0.010000000000000005, 0.0050000000000000044, 0.17]",grasping,25334,786004702,17.589347211760128,11.188662556100589,-212.96505781661628,-5.1569643619407675,1.313425288043145,-0.09651035750915062
"[-0.009999999999999998, -0.0049999999999999975, 0.035, 0.010000000000000005, 0.0050000000000000044, 0.17]",grasping,25334,790004702,17.565183757187352,10.877570110632938,-212.99576735251284,-3.7038299894085878,1.3185946793780554,-0.08870182982641983
"[-0.009999999999999998, -0.0049999999999999975, 0.035, 0.010000000000000005, 0.0050000000000000044, 0.17]",grasping,25334,794004702,17.497357503152855,10.436038357076775,-213.01944239376718,-5.094273156021416,1.31975134860358,-0.11534417710844304
"[-0.009999999999999998, -0.0049999999999999975, 0.035, 0.010000000000000005, 0.0050000000000000044, 0.17]",grasping,25334,798004702,0.001112740807192536,-0.12710540469113063,-0.011752285221291459,1.438136407473296,0.0025525370531126468,0.010312190396728357
"[-0.009999999999999998, -0.0049999999999999975, 0.035, 0.010000000000000005, 0.0050000000000000044, 0.17]",grasping,25334,802004702,-0.03680412385762705,-0.2542958955901842,-0.038200167055467915,0.01774588706585689,-0.001027616869074266,-0.009116574683199041
"[-0.009999999999999998, -0.0049999999999999975, 0.035, 0.010000000000000005, 0.0050000000000000044, 0.17]",grasping,25334,806004702,-0.02290546215542849,-0.21356265675577468,-0.06048085889695187,1.4388416386639762,-0.0008267538984506051,0.006442513165255265
"[-0.009999999999999998, -0.0049999999999999975, 0.035, 0.010000000000000005, 0.0050000000000000044, 0.17]",grasping,25334,810004702,-0.04587284159133381,-0.13355921715699104,-0.10303913406565712,-0.002786047727193486,-0.006727218635867005,-0.004848910976904361
"[-0.009999999999999998, -0.0049999999999999975, 0.035, 0.010000000000000005, 0.0050000000000000044, 0.17]",grasping,25334,814004702,-0.04540707560607016,-0.01778528591504802,-0.13750122305751944,-0.018276263839455353,-0.00961851074168657,0.00043037226192932376
"[-0.009999999999999998, -0.0049999999999999975, 0.035, 0.010000000000000005, 0.0050000000000000044, 0.17]",grasping,25334,818004702,-0.024663328222870262,0.0916046493760092,-0.16055917763445393,1.3966222788187823,-0.009263741851405105,0.020089099214772407
"[-0.009999999999999998, -0.0049999999999999975, 0.035, 0.010000000000000005, 0.0050000000000000044, 0.17]",grasping,25334,822004702,-0.02279016239494358,0.18039032064198857,-0.18385624351078178,1.3853456651149023,-0.010751776640712973,0.025435610486509316
"[-0.009999999999999998, -0.0049999999999999975, 0.035, 0.010000000000000005, 0.0050000000000000044, 0.17]",grasping,25334,826004702,-0.0906431125100361,0.29390271154671055,0.02793479712867608,1.415104744265327,-0.046077690370308455,-0.0416997697181761
"[-0.009999999999999998, -0.0049999999999999975, 0.035, 0.010000000000000005, 0.0050000000000000044, 0.17]",grasping,25334,830004702,-0.01603640580702914,0.24036840920058644,-0.21863032108815617,1.3745989453568754,-0.008207586103387565,0.03678991027873714
"[-0.009999999999999998, -0.0049999999999999975, 0.035, 0.010000000000000005, 0.0050000000000000044, 0.17]",grasping,25334,834004702,-0.03807366484239555,0.18438389347213047,-0.20620301160558796,-0.04614810629056665,-0.009800589586330066,0.02010125296048461
"[-0.009999999999999998, -0.0049999999999999975, 0.035, 0.010000000000000005, 0.0050000000000000044, 0.17]",grasping,25334,838004702,-0.019948786933237095,0.17629882661439744,-0.19712681148925526,1.384176329884327,-0.007071030893242569,0.034153207815886086
"[-0.009999999999999998, -0.0049999999999999975, 0.035, 0.010000000000000005, 0.0050000000000000044, 0.17]",grasping,25334,842004702,-0.04187235314776622,0.08662266152520814,-0.1808940441676441,-0.033274934635092235,-0.008041175589609262,0.01602165266976681
"[-0.009999999999999998, -0.0049999999999999975, 0.035, 0.010000000000000005, 0.0050000000000000044, 0.17]",grasping,25334,846004702,-0.023673376854389416,0.07756911467713223,-0.17298373819444635,1.3968227375465982,-0.005440211224849112,0.02958878472477193
"[-0.009999999999999998, -0.0049999999999999975, 0.035, 0.010000000000000005, 0.0050000000000000044, 0.17]",grasping,25334,850004702,-0.025120866101839723,0.042815306417644194,-0.16489070835552866,1.4011395686848198,-0.005047841693169408,0.027498254961771176
"[-0.009999999999999998, -0.0049999999999999975, 0.035, 0.010000000000000005, 0.0050000000000000044, 0.17]",grasping,25334,854004702,-0.026088170243995457,0.02475071797528372,-0.160639376311984,1.403352325251772,-0.005014697588613282,0.025977635104663402
"[-0.009999999999999998, -0.0049999999999999975, 0.035, 0.010000000000000005, 0.0050000000000000044, 0.17]",grasping,25334,858004702,-0.026543589148844304,0.023128908833291106,-0.16004762190963362,1.4035332642052731,-0.005281131741672329,0.025162525391096188
"[-0.009999999999999998, -0.0049999999999999975, 0.035, 0.010000000000000005, 0.0050000000000000044, 0.17]",grasping,25334,862004702,-0.026548285894428147,0.03445278805041774,-0.16229132208492203,1.402136563126042,-0.005735138601892453,0.02502745279084155
"[-0.009999999999999998, -0.0049999999999999975, 0.035, 0.010000000000000005, 0.0050000000000000044, 0.17]",grasping,25334,866004702,-0.026228227593434128,0.053439715335981575,-0.16620288807570915,1.3998209263053625,-0.0062492654858513075,0.025424317834559243
"[-0.009999999999999998, -0.0049999999999999975, 0.035, 0.010000000000000005, 0.0050000000000000044, 0.17]",grasping,25334,870004702,-0.025737654100238483,0.07450119500677665,-0.17057451299445603,1.39727156838042,-0.00671108383549085,0.02613830772475316
"[-0.009999999999999998, -0.0049999999999999975, 0.035, 0.010000000000000005, 0.0050000000000000044, 0.17]",grasping,25334,875004702,-0.024996005208871575,0.10013481325510654,-0.17589302838953458,1.3942007066485012,-0.007147776323710331,0.027322174860287027
"[-0.009999999999999998, -0.0049999999999999975, 0.035, 0.010000000000000005, 0.0050000000000000044, 0.17]",grasping,25334,878004702,-0.0248015721516332,0.10566866667832109,-0.17703488722811755,1.3935472601177175,-0.007210359626369622,0.0276567060061612
"[-0.009999999999999998, -0.0049999999999999975, 0.035, 0.010000000000000005, 0.0050000000000000044, 0.17]",grasping,25334,882004702,-0.02453750532359955,0.11148020898792588,-0.1782184182985347,1.3928793575121643,-0.007218587257334985,0.028150100441802287
"[-0.009999999999999998, -0.0049999999999999975, 0.035, 0.010000000000000005, 0.0050000000000000044, 0.17]",grasping,25334,886004702,-0.024450101528408597,0.11082334335854682,-0.1780523635803739,1.3929917748919536,-0.007103264595920922,0.028375587466263077
"[-0.009999999999999998, -0.0049999999999999975, 0.035, 0.010000000000000005, 0.0050000000000000044, 0.17]",grasping,25334,890004702,-0.024517094242960114,0.10533864190641751,-0.1768857044269332,1.3936800598471142,-0.00691606773522524,0.02834934153015757
"[-0.009999999999999998, -0.0049999999999999975, 0.035, 0.010000000000000005, 0.0050000000000000044, 0.17]",grasping,25334,894004702,-0.044265510000382924,0.06939723299257494,-0.17442359205981006,-0.03078729685119086,-0.0087463687524314,0.01272791615349464
"[-0.009999999999999998, -0.0049999999999999975, 0.035, 0.010000000000000005, 0.0050000000000000044, 0.17]",grasping,25334,898004702,-0.024909790946830768,0.0887795328784371,-0.17342597395501613,1.3956979984536302,-0.006532126020574902,0.027817547890797004
"[-0.009999999999999998, -0.0049999999999999975, 0.035, 0.010000000000000005, 0.0050000000000000044, 0.17]",grasping,25334,902004702,-0.025121968113943183,0.08171039265431723,-0.17197153085837158,1.3965445612510043,-0.0064088880099610335,0.027485340622410412
"[-0.009999999999999998, -0.0049999999999999975, 0.035, 0.010000000000000005, 0.0050000000000000044, 0.17]",grasping,25334,906004702,-0.025342213485589737,0.07589635674030326,-0.17081160374552695,1.397223690910479,-0.006347335558889611,0.027103886778206895
"[-0.009999999999999998, -0.0049999999999999975, 0.035, 0.010000000000000005, 0.0050000000000000044, 0.17]",grasping,25334,910004702,-0.025379947197637587,0.07535856144649422,-0.170720924740273,1.3972795786542016,-0.0063564067939921864,0.02702736257693371
"[-0.009999999999999998, -0.0049999999999999975, 0.035, 0.010000000000000005, 0.0050000000000000044, 0.17]",grasping,25334,914004702,-0.025401588505644224,0.07609988888992625,-0.17092086515383897,1.3971724374086314,-0.00640606292852447,0.0269575449479552
"[-0.009999999999999998, -0.0049999999999999975, 0.035, 0.010000000000000005, 0.0050000000000000044, 0.17]",grasping,25334,918004702,-0.025363252308992,0.07861050769851019,-0.1714894899778301,1.3968544045669322,-0.006479521316924086,0.026986321048423592
"[-0.009999999999999998, -0.0049999999999999975, 0.035, 0.010000000000000005, 0.0050000000000000044, 0.17]",grasping,25334,922004702,-0.04478663847968567,0.05714616985464893,-0.1721085278196739,-0.02939053490113608,-0.008657082482886103,0.011782691345404009
"[-0.009999999999999998, -0.0049999999999999975, 0.035, 0.010000000000000005, 0.0050000000000000044, 0.17]",grasping,25334,926004702,-0.04469553758334177,0.06035714978274598,-0.17281341261630345,-0.029783361074829928,-0.008713607365229914,0.011917614949630562
"[-0.009999999999999998, -0.0049999999999999975, 0.035, 0.010000000000000005, 0.0050000000000000044, 0.17]",grasping,25334,930004702,-0.02511142410186007,0.08794212327493511,-0.17354514311371716,1.395708458767624,-0.0066552670600932284,0.027348292455781645
"[-0.009999999999999998, -0.0049999999999999975, 0.035, 0.010000000000000005, 0.0050000000000000044, 0.17]",grasping,25334,934004702,-0.04456091476404972,0.06404269041706812,-0.17363838596490666,-0.030229465751407725,-0.008748888787309061,0.012139286872161509
"[-0.009999999999999998, -0.0049999999999999975, 0.035, 0.010000000000000005, 0.0050000000000000044, 0.17]",grasping,25334,938004702,-0.025016594838016326,0.08996047879557167,-0.17401730370766444,1.395466030674795,-0.0066529509684313815,0.02751566326342779
"[-0.009999999999999998, -0.0049999999999999975, 0.035, 0.010000000000000005, 0.0050000000000000044, 0.17]",grasping,25334,942004702,-0.02501233457190022,0.08943970171341853,-0.17393196091913765,1.3955297021864934,-0.006623347010526137,0.027534089397933878
"[-0.009999999999999998, -0.0049999999999999975, 0.035, 0.010000000000000005, 0.0050000000000000044, 0.17]",grasping,25334,946004702,-0.02503063007614509,0.088281298671669,-0.17371423549032272,1.3956690458933672,-0.006586049039140285,0.02751471558685288
"[-0.009999999999999998, -0.0049999999999999975, 0.035, 0.010000000000000005, 0.0050000000000000044, 0.17]",grasping,25334,950004702,-0.025062313888914778,0.08686185411984759,-0.17344375384698907,1.3958381122953676,-0.006549384995057028,0.02747022601212802
"[-0.009999999999999998, -0.0049999999999999975, 0.035, 0.010000000000000005, 0.0050000000000000044, 0.17]",grasping,25334,954004702,-0.02509767972645638,0.08552218966225311,-0.17319209626522536,1.3959957408599173,-0.006519608519922948,0.027415370752692528
"[-0.009999999999999998, -0.0049999999999999975, 0.035, 0.010000000000000005, 0.0050000000000000044, 0.17]",grasping,25334,958004702,-0.025128552084906053,0.08450748310244904,-0.1730103438827193,1.3961126820900904,-0.006500131493111572,0.027363529865745875
"[-0.009999999999999998, -0.0049999999999999975, 0.035, 0.010000000000000005, 0.0050000000000000044, 0.17]",grasping,25334,962004702,-0.025149565521794537,0.0839405329159284,-0.17292364173412977,1.3961746702032016,-0.0064915053874324835,0.02732435396340581
"[-0.009999999999999998, -0.0049999999999999975, 0.035, 0.010000000000000005, 0.0050000000000000044, 0.17]",grasping,25334,966004702,-0.025158582482554093,0.08382577544905878,-0.172932226167692,1.396181777382758,-0.006491979694359051,0.027302702453913127
"[-0.009999999999999998, -0.0049999999999999975, 0.035, 0.010000000000000005, 0.0050000000000000044, 0.17]",grasping,25334,970004702,-0.02515636695195067,0.08407606390793276,-0.1730171999514809,1.3961450479786903,-0.00649839094382032,0.027298789615885347
"[-0.009999999999999998, -0.0049999999999999975, 0.035, 0.010000000000000005, 0.0050000000000000044, 0.17]",grasping,25334,974004702,-0.025145753366305534,0.08455152689980494,-0.17314878860147687,1.3960817222122075,-0.006507126381222084,0.027309227059569216
"[-0.009999999999999998, -0.0049999999999999975, 0.035, 0.010000000000000005, 0.0050000000000000044, 0.17]",grasping,25334,978004702,-0.025130595131309885,0.08509990135910073,-0.17329484478655388,1.396010335670274,-0.0065149522872882115,0.027328544690137915
"[-0.009999999999999998, -0.0049999999999999975, 0.035, 0.010000000000000005, 0.0050000000000000044, 0.17]",grasping,25334,982004702,-0.02511475478598202,0.0855899182223343,-0.17342783988276977,1.3959467049915366,-0.006519572878481927,0.027350772659862452
"[-0.009999999999999998, -0.0049999999999999975, 0.035, 0.010000000000000005, 0.0050000000000000044, 0.17]",grasping,25334,986004702,-0.025101328373305754,0.08593267935258098,-0.17352929636599157,1.395901396433108,-0.006519870616560619,0.02737075377872529
"[-0.009999999999999998, -0.0049999999999999975, 0.035, 0.010000000000000005, 0.0050000000000000044, 0.17]",grasping,25334,990004702,-0.025092204797721396,0.08608955266082496,-0.17359137174216954,1.395878837490153,-0.006515854643359464,0.02738498629202195
"[-0.009999999999999998, -0.0049999999999999975, 0.035, 0.010000000000000005, 0.0050000000000000044, 0.17]",grasping,25334,994004702,-0.025087969721121373,0.08606815675704915,-0.17361594281363324,1.395877865483963,-0.006508395606348305,0.02739193781008374
"[-0.009999999999999998, -0.0049999999999999975, 0.035, 0.010000000000000005, 0.0050000000000000044, 0.17]",grasping,25334,998004702,-0.04461079599832507,0.0601660505722581,-0.17329476456110626,-0.029823308319147035,-0.00858045479556907,0.012057577012441381
"[-0.009999999999999998, -0.0049999999999999975, 0.035, 0.010000000000000005, 0.0050000000000000044, 0.17]",grasping,25335,2004702,-0.025091295778260025,0.08567435426044057,-0.1735919919914295,1.395917769267784,-0.006488674744611123,0.027386467425123198
"[-0.009999999999999998, -0.0049999999999999975, 0.035, 0.010000000000000005, 0.0050000000000000044, 0.17]",grasping,25335,6004702,-0.025095981378318477,0.08542203610574717,-0.17356888123097747,1.3959439766283883,-0.006479112456024949,0.027377981137674437
"[-0.009999999999999998, -0.0049999999999999975, 0.035, 0.010000000000000005, 0.0050000000000000044, 0.17]",grasping,25335,10004702,-0.025100629471958014,0.0852030560638557,-0.17355309155018261,1.3959658811914633,-0.00647099224321368,0.0273688218164594
"[-0.009999999999999998, -0.0049999999999999975, 0.035, 0.010000000000000005, 0.0050000000000000044, 0.17]",grasping,25335,14004702,-0.025104082585988174,0.08504904039366501,-0.17355117715843704,1.3959797408077745,-0.006464660592980842,0.027360954701533116
"[-0.009999999999999998, -0.0049999999999999975, 0.035, 0.010000000000000005, 0.0050000000000000044, 0.17]",grasping,25335,18004702,-0.0446278038797947,0.05927334235941473,-0.1732581979648522,-0.029738093393033127,-0.008543227206097181,0.0120213875520611
"[-0.009999999999999998, -0.0049999999999999975, 0.035, 0.010000000000000005, 0.0050000000000000044, 0.17]",grasping,25335,22004702,-0.025105333396089224,0.08496292220702095,-0.17359420076779486,1.3959804549625299,-0.006456674112336802,0.027353285506025324
"[-0.009999999999999998, -0.0049999999999999975, 0.035, 0.010000000000000005, 0.0050000000000000044, 0.17]",grasping,25335,26004702,-0.025103300554194685,0.08500514197708675,-0.17363355155742255,1.3959705805982994,-0.006454036429145549,0.027353675168543187
"[-0.009999999999999998, -0.0049999999999999975, 0.035, 0.010000000000000005, 0.0050000000000000044, 0.17]",grasping,25335,30004702,-0.025100156942727048,0.08507318289358068,-0.17367820033096848,1.3959577004065755,-0.006451530503119363,0.027356053198342986
"[-0.009999999999999998, -0.0049999999999999975, 0.035, 0.010000000000000005, 0.0050000000000000044, 0.17]",grasping,25335,34004702,-0.02509655587276438,0.085142955330614,-0.17372307596364323,1.3959447338098778,-0.006448684466580923,0.02735945233588892
"[-0.009999999999999998, -0.0049999999999999975, 0.035, 0.010000000000000005, 0.0050000000000000044, 0.17]",grasping,25335,38004702,-0.025093089532219226,0.08519565354989389,-0.17376424791036982,1.3959339350372741,-0.006445204793769421,0.02736292686824658
"[-0.009999999999999998, -0.0049999999999999975, 0.035, 0.010000000000000005, 0.0050000000000000044, 0.17]",grasping,25335,42004702,-0.04461147107174879,0.059531712235569856,-0.17349410638522755,-0.029796782263297628,-0.008523963719444694,0.012032913795320427
"[-0.009999999999999998, -0.0049999999999999975, 0.035, 0.010000000000000005, 0.0050000000000000044, 0.17]",grasping,25335,46004702,-0.04460952356829573,0.059518167236323194,-0.1735212621393245,-0.02979947677846395,-0.008518951414556886,0.012034323182064849
"[-0.009999999999999998, -0.0049999999999999975, 0.035, 0.010000000000000005, 0.0050000000000000044, 0.17]",grasping,25335,50004702,-0.025086711606542633,0.08518097599433361,-0.17385118727631976,1.3959226740998967,-0.006430775088785146,0.027367949754568424
"[-0.009999999999999998, -0.0049999999999999975, 0.035, 0.010000000000000005, 0.0050000000000000044, 0.17]",grasping,25335,54004702,-0.025085811252773205,0.08510009457195267,-0.17387928999776392,1.3959258652459163,-0.006422386943620961,0.027366822801359034
"[-0.009999999999999998, -0.0049999999999999975, 0.035, 0.010000000000000005, 0.0050000000000000044, 0.17]",grasping,25335,58004702,-0.025085684915030715,0.085069869573287,-0.173888001734106,1.3959272984953064,-0.006419604475245477,0.027366117902896295
"[-0.009999999999999998, -0.0049999999999999975, 0.035, 0.010000000000000005, 0.0050000000000000044, 0.17]",grasping,25335,62004702,-0.02508549571814822,0.08501143005363154,-0.1739058921634964,1.3959298851710211,-0.0064141862980701125,0.02736451442419606
"[-0.009999999999999998, -0.0049999999999999975, 0.035, 0.010000000000000005, 0.0050000000000000044, 0.17]",grasping,25335,66004702,-0.025085206416943062,0.08496119139390146,-0.17392555515649377,1.3959314403458016,-0.0064090399752839144,0.02736295587622188
"[-0.009999999999999998, -0.0049999999999999975, 0.035, 0.010000000000000005, 0.0050000000000000044, 0.17]",grasping,25335,70004702,-0.025084662156904414,0.08492286055164122,-0.17394775238002325,1.3959315311728087,-0.00640418866760506,0.027361717116383813
"[-0.009999999999999998, -0.0049999999999999975, 0.035, 0.010000000000000005, 0.0050000000000000044, 0.17]",grasping,25335,74004702,-0.02508379533048305,0.08489689308836645,-0.17397256065581956,1.3959301191402116,-0.006399590942339328,0.027360944661301775
"[-0.009999999999999998, -0.0049999999999999975, 0.035, 0.010000000000000005, 0.0050000000000000044, 0.17]",grasping,25335,79004702,-0.04460398723201087,0.05918856030180031,-0.17369345964589655,-0.02979546253787202,-0.008478195752964768,0.012027302884847282
"[-0.009999999999999998, -0.0049999999999999975, 0.035, 0.010000000000000005, 0.0050000000000000044, 0.17]",grasping,25335,82004702,-0.025081203948117414,0.08487198749499925,-0.17402783613633233,1.3959240550666245,-0.006390810871810093,0.02736077265331764
"[-0.009999999999999998, -0.0049999999999999975, 0.035, 0.010000000000000005, 0.0050000000000000044, 0.17]",grasping,25335,86004702,-0.025079653728760365,0.08486523630493714,-0.17405664558447853,1.3959203612615163,-0.00638644124032306,0.027361146359604863
"[-0.009999999999999998, -0.0049999999999999975, 0.035, 0.010000000000000005, 0.0050000000000000044, 0.17]",grasping,25335,90004702,-0.02507807372585552,0.08485725573335579,-0.17408517836758364,1.3959168348830528,-0.00638198982701732,0.027361616350039794
"[-0.009999999999999998, -0.0049999999999999975, 0.035, 0.010000000000000005, 0.0050000000000000044, 0.17]",grasping,25335,94004702,-0.02507655089761135,0.08484549244862905,-0.17411290300710647,1.3959137800429235,-0.0063774228080688,0.027362039090404064
"[-0.009999999999999998, -0.0049999999999999975, 0.035, 0.010000000000000005, 0.0050000000000000044, 0.17]",grasping,25335,98004702,-0.025075140292975417,0.08482874675458696,-0.1741395747803729,1.3959113353194277,-0.006372737120018623,0.027362313910563887
"[-0.009999999999999998, -0.0049999999999999975, 0.035, 0.010000000000000005, 0.0050000000000000044, 0.17]",grasping,25335,102004702,-0.025073861696203514,0.08480709645007423,-0.17416521755131953,1.3959094846765638,-0.0063679542698144576,0.027362393394094256
"[-0.009999999999999998, -0.0049999999999999975, 0.035, 0.010000000000000005, 0.0050000000000000044, 0.17]",grasping,25335,106004702,-0.025072703700509735,0.08478158257211099,-0.17419005631557027,1.3959080968447115,-0.006363109953260393,0.027362280151960836
"[-0.009999999999999998, -0.0049999999999999975, 0.035, 0.010000000000000005, 0.0050000000000000044, 0.17]",grasping,25335,111004702,-0.04459290894948198,0.05905680878115582,-0.17390749878666156,-0.029815414516747518,-0.008441142348988628,0.01202859312985477
"[-0.009999999999999998, -0.0049999999999999975, 0.035, 0.010000000000000005, 0.0050000000000000044, 0.17]",grasping,25335,114004702,-0.025070608034336028,0.08472533825124806,-0.1742386745458191,1.395905927638491,-0.006353390428473049,0.02736165881914722
"[-0.009999999999999998, -0.0049999999999999975, 0.035, 0.010000000000000005, 0.0050000000000000044, 0.17]",grasping,25335,118004702,-0.02506958571741169,0.08469766913808918,-0.17426309793110306,1.3959047757409744,-0.006348573712212535,0.027361277540459403
"[-0.009999999999999998, -0.0049999999999999975, 0.035, 0.010000000000000005, 0.0050000000000000044, 0.17]",grasping,25335,122004702,-0.025068533748819344,0.0846716862473027,-0.17428788573904797,1.3959034139645758,-0.006343804481090898,0.027360925941318268
"[-0.009999999999999998, -0.0049999999999999975, 0.035, 0.010000000000000005, 0.0050000000000000044, 0.17]",grasping,25335,126004702,-0.04458859900224532,0.058952230788342774,-0.17400652589400067,-0.02982076964096958,-0.008422016766513107,0.012027248628486698
"[-0.009999999999999998, -0.0049999999999999975, 0.035, 0.010000000000000005, 0.0050000000000000044, 0.17]",grasping,25335,130004702,-0.02506627841389042,0.08462574269095136,-0.17433874490322054,1.3958999550154765,-0.0063343942938483,0.02736043492407937
"[-0.009999999999999998, -0.0049999999999999975, 0.035, 0.010000000000000005, 0.0050000000000000044, 0.17]",grasping,25335,134004702,-0.04458617841501439,0.058910313352839694,-0.17405825144767562,-0.02982471272364018,-0.008412670245799392,0.012026952532349186
"[-0.009999999999999998, -0.0049999999999999975, 0.035, 0.010000000000000005, 0.0050000000000000044, 0.17]",grasping,25335,138004702,-0.025063843371801897,0.08458536078421552,-0.17439078047156187,1.395895828192982,-0.006325066052069617,0.02736023134980274
"[-0.009999999999999998, -0.0049999999999999975, 0.035, 0.010000000000000005, 0.0050000000000000044, 0.17]",grasping,25335,142004702,-0.025062595183618364,0.08456566973422674,-0.17441690336698557,1.39589370839672,-0.00632039583268762,0.02736018831743091
"[-0.009999999999999998, -0.0049999999999999975, 0.035, 0.010000000000000005, 0.0050000000000000044, 0.17]",grasping,25335,146004702,-0.025061348817883577,0.08454556176649497,-0.17444293905116126,1.3958916413742612,-0.006315708615810323,0.027360149810635795
"[-0.009999999999999998, -0.0049999999999999975, 0.035, 0.010000000000000005, 0.0050000000000000044, 0.17]",grasping,25335,150004702,-0.025060116394886256,0.08452471383724003,-0.17446882069640068,1.3958896652419344,-0.006311001203864519,0.027360094949170896
"[-0.009999999999999998, -0.0049999999999999975, 0.035, 0.010000000000000005, 0.0050000000000000044, 0.17]",grasping,25335,154004702,-0.02505890441923503,0.08450302596727788,-0.17449452853567493,1.3958877909821015,-0.006306274971913994,0.027360011045811414
"[-0.009999999999999998, -0.0049999999999999975, 0.035, 0.010000000000000005, 0.0050000000000000044, 0.17]",grasping,25335,158004702,-0.02505771370333415,0.08448058919515944,-0.1745200828765192,1.3958860065605778,-0.006301534784302509,0.027359894117403846
"[-0.009999999999999998, -0.0049999999999999975, 0.035, 0.010000000000000005, 0.0050000000000000044, 0.17]",grasping,25335,162004702,-0.025056540575897013,0.0844576226394409,-0.17454553064337475,1.395884284745914,-0.006296786917705355,0.0273597476394931
"[-0.009999999999999998, -0.0049999999999999975, 0.035, 0.010000000000000005, 0.0050000000000000044, 0.17]",grasping,25335,166004702,-0.02505537867571689,0.0844343997324799,-0.17457092973274158,1.3958825920721578,-0.006292037800752381,0.02735958019189262
"[-0.009999999999999998, -0.0049999999999999975, 0.035, 0.010000000000000005, 0.0050000000000000044, 0.17]",grasping,25335,170004702,-0.025054220820021345,0.08441118071575815,-0.17459633490655335,1.3958808970387069,-0.006287292319983151,0.02735940253196968
"[-0.009999999999999998, -0.0049999999999999975, 0.035, 0.010000000000000005, 0.0050000000000000044, 0.17]",grasping,25335,174004702,-0.025053060680632178,0.08438816369102398,-0.17462178751348745,1.3958791759166531,-0.006282553509041056,0.02735922488475305
"[-0.009999999999999998, -0.0049999999999999975, 0.035, 0.010000000000000005, 0.0050000000000000044, 0.17]",grasping,25335,178004702,-0.02505189379775885,0.08436545943774298,-0.17464731037666326,1.3958774157413085,-0.006277822235545738,0.02735905501793727
"[-0.009999999999999998, -0.0049999999999999975, 0.035, 0.010000000000000005, 0.0050000000000000044, 0.17]",grasping,25335,182004702,-0.025050718066079336,0.0843430896544426,-0.17467290755845255,1.3958756143251745,-0.006273097560596741,0.027358897332458762
"[-0.009999999999999998, -0.0049999999999999975, 0.035, 0.010000000000000005, 0.0050000000000000044, 0.17]",grasping,25335,187004702,-0.044570369703160084,0.05862566098184274,-0.17439213721196722,-0.029848805080924246,-0.008351291266387506,0.012025407868034244
"[-0.009999999999999998, -0.0049999999999999975, 0.035, 0.010000000000000005, 0.0050000000000000044, 0.17]",grasping,25335,190004702,-0.02504834224184954,0.08429910447384437,-0.17472427079120223,1.3958719193338873,-0.006263658831287489,0.027358619129903297
"[-0.009999999999999998, -0.0049999999999999975, 0.035, 0.010000000000000005, 0.0050000000000000044, 0.17]",grasping,25335,194004702,-0.025047146669094078,0.08427728087768926,-0.17474999261335356,1.3958700513445623,-0.006258939695815369,0.027358492903904616
"[-0.009999999999999998, -0.0049999999999999975, 0.035, 0.010000000000000005, 0.0050000000000000044, 0.17]",grasping,25335,198004702,-0.02504594978798419,0.08425543127479251,-0.17477571205547093,1.3958681864853246,-0.006254218040588622,0.02735836955297656
"[-0.009999999999999998, -0.0049999999999999975, 0.035, 0.010000000000000005, 0.0050000000000000044, 0.17]",grasping,25335,202004702,-0.025044753996174285,0.08423348265435493,-0.174801413912828,1.3958663334834789,-0.006249492824814018,0.027358245135855677
"[-0.009999999999999998, -0.0049999999999999975, 0.035, 0.010000000000000005, 0.0050000000000000044, 0.17]",grasping,25335,206004702,-0.025043560956626354,0.0842113983213153,-0.17482709060902124,1.3958644965808022,-0.006244763872994108,0.027358116765262327
"[-0.009999999999999998, -0.0049999999999999975, 0.035, 0.010000000000000005, 0.0050000000000000044, 0.17]",grasping,25335,210004702,-0.025042371256218166,0.08418917678435633,-0.17485274208436152,1.395862675788562,-0.006240031733894202,0.02735798299098975
"[-0.009999999999999998, -0.0049999999999999975, 0.035, 0.010000000000000005, 0.0050000000000000044, 0.17]",grasping,25335,214004702,-0.02504118468338573,0.08416684380216388,-0.17487837390894967,1.3958608678538222,-0.006235297281693586,0.027357843743509927
"[-0.009999999999999998, -0.0049999999999999975, 0.035, 0.010000000000000005, 0.0050000000000000044, 0.17]",grasping,25335,219004702,-0.04456066973425871,0.058448980270144446,-0.17459760285092685,-0.029863497242913928,-0.008313462638172398,0.01202436475574642
"[-0.009999999999999998, -0.0049999999999999975, 0.035, 0.010000000000000005, 0.0050000000000000044, 0.17]",grasping,25335,222004702,-0.025038817291430426,0.08412201329028335,-0.17492961464872536,1.3958572696566005,-0.006225825834816068,0.02735755348164305
"[-0.009999999999999998, -0.0049999999999999975, 0.035, 0.010000000000000005, 0.0050000000000000044, 0.17]",grasping,25335,226004702,-0.025037634165713807,0.08409960007369577,-0.1749552413051596,1.3958554691788718,-0.006221090462241341,0.027357405823379796
"[-0.009999999999999998, -0.0049999999999999975, 0.035, 0.010000000000000005, 0.0050000000000000044, 0.17]",grasping,25335,230004702,-0.025036450129789722,0.08407722772469484,-0.17498088037924475,1.3958536630728682,-0.006216355856997369,0.027357258681898852
"[-0.009999999999999998, -0.0049999999999999975, 0.035, 0.010000000000000005, 0.0050000000000000044, 0.17]",grasping,25335,234004702,-0.025035264613741837,0.08405490782348579,-0.17500653421679502,1.3958518499988846,-0.006211622036999098,0.027357113060876723
"[-0.009999999999999998, -0.0049999999999999975, 0.035, 0.010000000000000005, 0.0050000000000000044, 0.17]",grasping,25335,238004702,-0.04455464059427877,0.05833722310555345,-0.17472585990230982,-0.029872537873608884,-0.008289784961401647,0.012023642197690795
"[-0.009999999999999998, -0.0049999999999999975, 0.035, 0.010000000000000005, 0.0050000000000000044, 0.17]",grasping,25335,242004702,-0.025032888754945526,0.08401040649644465,-0.17505788191835592,1.395848205525676,-0.006202155579704216,0.02735682766628751
"[-0.009999999999999998, -0.0049999999999999975, 0.035, 0.010000000000000005, 0.0050000000000000044, 0.17]",grasping,25335,246004702,-0.025031698945021164,0.08398819523529433,-0.17508356938433423,1.395846377813018,-0.0061974221150521425,0.027356687261896398
"[-0.009999999999999998, -0.0049999999999999975, 0.035, 0.010000000000000005, 0.0050000000000000044, 0.17]",grasping,25335,250004702,-0.025030508492505765,0.08396598627468066,-0.1751092608711886,1.3958445493883724,-0.006192687950441922,0.027356547677573687
"[-0.009999999999999998, -0.0049999999999999975, 0.035, 0.010000000000000005, 0.0050000000000000044, 0.17]",grasping,25335,254004702,-0.025029317836621545,0.08394376473941101,-0.17513495324384465,1.395842722028381,-0.006187952855138568,0.02735640806149127
"[-0.009999999999999998, -0.0049999999999999975, 0.035, 0.010000000000000005, 0.0050000000000000044, 0.17]",grasping,25335,258004702,-0.02502812733532006,0.08392152121886554,-0.1751606445454783,1.3958408968430933,-0.006183216794210189,0.027356267864942066
"[-0.009999999999999998, -0.0049999999999999975, 0.035, 0.010000000000000005, 0.0050000000000000044, 0.17]",grasping,25335,262004702,-0.02502693717653076,0.08389925231866258,-0.17518633410340456,1.3958390742210651,-0.006178479693137118,0.027356126739973743
"[-0.009999999999999998, -0.0049999999999999975, 0.035, 0.010000000000000005, 0.0050000000000000044, 0.17]",grasping,25335,266004702,-0.025025747395909126,0.08387695999666356,-0.1752120223538043,1.3958372539080641,-0.006173741712271474,0.027355984534992342
"[-0.009999999999999998, -0.0049999999999999975, 0.035, 0.010000000000000005, 0.0050000000000000044, 0.17]",grasping,25335,270004702,-0.025024557909584022,0.0838546498929631,-0.17523771049614822,1.395835435174478,-0.006169002991813,0.027355841331434635
"[-0.009999999999999998, -0.0049999999999999975, 0.035, 0.010000000000000005, 0.0050000000000000044, 0.17]",grasping,25335,274004702,-0.025023368536657764,0.08383232936544793,-0.1752634000994746,1.3958336171446704,-0.006164263807883652,0.027355697308561036
"[-0.009999999999999998, -0.0049999999999999975, 0.035, 0.010000000000000005, 0.0050000000000000044, 0.17]",grasping,25335,278004702,-0.025022179106861553,0.08381000554911466,-0.17528909264921566,1.3958317989369038,-0.006159524207636213,0.027355552824113435
"[-0.009999999999999998, -0.0049999999999999975, 0.035, 0.010000000000000005, 0.0050000000000000044, 0.17]",grasping,25335,282004702,-0.02502098943242209,0.08378768406231352,-0.17531478932166067,1.3958299798897056,-0.00615478427463606,0.027355408134952394
"[-0.009999999999999998, -0.0049999999999999975, 0.035, 0.010000000000000005, 0.0050000000000000044, 0.17]",grasping,25335,286004702,-0.025019799395097908,0.08376536818218483,-0.17534049077624303,1.3958281596095814,-0.006150044052627701,0.02735526343615001
"[-0.009999999999999998, -0.0049999999999999975, 0.035, 0.010000000000000005, 0.0050000000000000044, 0.17]",grasping,25335,290004702,-0.025018608919765817,0.08374305877091359,-0.17536619719231794,1.3958263380089195,-0.0061453035657389465,0.0273551189107291
"[-0.009999999999999998, -0.0049999999999999975, 0.035, 0.010000000000000005, 0.0050000000000000044, 0.17]",grasping,25335,294004702,-0.025017418003489167,0.08372075464379591,-0.1753919082934381,1.3958245152415454,-0.006140562724806176,0.027354974483181346
"[-0.009999999999999998, -0.0049999999999999975, 0.035, 0.010000000000000005, 0.0050000000000000044, 0.17]",grasping,25335,298004702,-0.02501622669215131,0.08369845329944425,-0.17541762354101564,1.395822691618875,-0.006135821471974112,0.027354830214217266
"[-0.009999999999999998, -0.0049999999999999975, 0.035, 0.010000000000000005, 0.0050000000000000044, 0.17]",grasping,25335,302004702,-0.04453526239614991,0.0579807219260875,-0.1751371247974447,-0.02990169121617936,-0.008213956205809059,0.012021381441614673
"[-0.009999999999999998, -0.0049999999999999975, 0.035, 0.010000000000000005, 0.0050000000000000044, 0.17]",grasping,25335,306004702,-0.025013843192109808,0.08365384708572776,-0.17546906396729156,1.395819043255916,-0.006126337388222658,0.027354541689456266
"[-0.009999999999999998, -0.0049999999999999975, 0.035, 0.010000000000000005, 0.0050000000000000044, 0.17]",grasping,25335,310004702,-0.025012651130622787,0.08363153732971007,-0.17549478812128072,1.395817219117204,-0.006121594458931123,0.027354397147274043
"[-0.009999999999999998, -0.0049999999999999975, 0.035, 0.010000000000000005, 0.0050000000000000044, 0.17]",grasping,25335,314004702,-0.025011458950024157,0.08360922136556681,-0.17552051451090023,1.3958153952004755,-0.006116851007097024,0.027354252327349296
"[-0.009999999999999998, -0.0049999999999999975, 0.035, 0.010000000000000005, 0.0050000000000000044, 0.17]",grasping,25335,318004702,-0.04453041035016131,0.05789146355182595,-0.17524005645626062,-0.029908984584887888,-0.008194978576468559,0.012020808071910166
"[-0.009999999999999998, -0.0049999999999999975, 0.035, 0.010000000000000005, 0.0050000000000000044, 0.17]",grasping,25335,322004702,-0.025009074274197518,0.08356457096417635,-0.17557197405655245,1.3958117480219334,-0.006107362389614235,0.02735396174222511
"[-0.009999999999999998, -0.0049999999999999975, 0.035, 0.010000000000000005, 0.0050000000000000044, 0.17]",grasping,25335,326004702,-0.025007881741359927,0.0835422382842772,-0.17559770758638749,1.3958099245433293,-0.006102617276910194,0.027353815946245766
"[-0.009999999999999998, -0.0049999999999999975, 0.035, 0.010000000000000005, 0.0050000000000000044, 0.17]",grasping,25335,330004702,-0.02500668905468606,0.08351990218569938,-0.17562344393930118,1.3958081009451178,-0.00609787170782039,0.02735366990821729
"[-0.009999999999999998, -0.0049999999999999975, 0.035, 0.010000000000000005, 0.0050000000000000044, 0.17]",grasping,25335,334004702,-0.025005496169413166,0.08349756377302242,-0.17564918335061463,1.3958062771034032,-0.0060931256446793425,0.027353523639198227
"[-0.009999999999999998, -0.0049999999999999975, 0.035, 0.010000000000000005, 0.0050000000000000044, 0.17]",grasping,25335,338004702,-0.04452434225456359,0.05777978468918299,-0.17536877866342948,-0.029918100336959297,-0.008171244648639775,0.012020084942337639
"[-0.009999999999999998, -0.0049999999999999975, 0.035, 0.010000000000000005, 0.0050000000000000044, 0.17]",grasping,25335,342004702,-0.025003109711049798,0.08345288268487216,-0.17570067189269167,1.3958026283443208,-0.00608363218341712,0.02735323060372309
"[-0.009999999999999998, -0.0049999999999999975, 0.035, 0.010000000000000005, 0.0050000000000000044, 0.17]",grasping,25335,346004702,-0.04452191355809504,0.05773510059649922,-0.17542028965072376,-0.02992174881463172,-0.008161747852595935,0.01201979443551704
"[-0.009999999999999998, -0.0049999999999999975, 0.035, 0.010000000000000005, 0.0050000000000000044, 0.17]",grasping,25335,350004702,-0.025000722292556676,0.08340819649486164,-0.17575217345985905,1.3957989781126736,-0.006074136821740461,0.027352937049557227
"[-0.009999999999999998, -0.0049999999999999975, 0.035, 0.010000000000000005, 0.0050000000000000044, 0.17]",grasping,25335,354004702,-0.02499952823766516,0.08338585066487703,-0.17577792894533673,1.395797152545964,-0.006069388396737041,0.027352790070258495
"[-0.009999999999999998, -0.0049999999999999975, 0.035, 0.010000000000000005, 0.0050000000000000044, 0.17]",grasping,25335,358004702,-0.024998333974244946,0.08336350239698476,-0.17580368740629027,1.395795326753915,-0.006064639527603055,0.02735264295294719
"[-0.009999999999999998, -0.0049999999999999975, 0.035, 0.010000000000000005, 0.0050000000000000044, 0.17]",grasping,25335,362004702,-0.02499713948952753,0.08334115124888797,-0.17582944878355988,1.3957935007953655,-0.006059890133602641,0.02735249560405499
"[-0.009999999999999998, -0.0049999999999999975, 0.035, 0.010000000000000005, 0.0050000000000000044, 0.17]",grasping,25335,366004702,-0.02499594482909423,0.08331879695344391,-0.17585521298669704,1.3957916746957735,-0.006055140239369983,0.02735234808699459
"[-0.009999999999999998, -0.0049999999999999975, 0.035, 0.010000000000000005, 0.0050000000000000044, 0.17]",grasping,25335,370004702,-0.024994749965535523,0.0832964394103346,-0.17588098001568042,1.3957898484734086,-0.006050389810746737,0.02735220036247872
"[-0.009999999999999998, -0.0049999999999999975, 0.035, 0.010000000000000005, 0.0050000000000000044, 0.17]",grasping,25335,374004702,-0.024993554924219674,0.08327407867498593,-0.1759067498471225,1.3957880221116685,-0.006045638916662932,0.027352052395557616
"[-0.009999999999999998, -0.0049999999999999975, 0.035, 0.010000000000000005, 0.0050000000000000044, 0.17]",grasping,25335,378004702,-0.024992359690322763,0.08325171485012284,-0.1759325225322641,1.3957861956110778,-0.006040887483868496,0.027351904297276228
"[-0.009999999999999998, -0.0049999999999999975, 0.035, 0.010000000000000005, 0.0050000000000000044, 0.17]",grasping,25335,382004702,-0.024991164271118527,0.08322934818359506,-0.17595829809453534,1.395784368933574,-0.0060361355861925925,0.027351755922498958
"[-0.009999999999999998, -0.0049999999999999975, 0.035, 0.010000000000000005, 0.0050000000000000044, 0.17]",grasping,25335,386004702,-0.04450975758958353,0.057511532175132274,-0.17567802397666554,-0.029940004419297672,-0.008114234082916283,0.012018331624661718
"[-0.009999999999999998, -0.0049999999999999975, 0.035, 0.010000000000000005, 0.0050000000000000044, 0.17]",grasping,25335,390004702,-0.04450854095373874,0.057489159745083285,-0.1757038133163391,-0.029941830942103342,-0.008109480028752947,0.012018184213704708
"[-0.009999999999999998, -0.0049999999999999975, 0.035, 0.010000000000000005, 0.0050000000000000044, 0.17]",grasping,25335,394004702,-0.024987576794426425,0.0831622327884105,-0.17603564242368464,1.3957788876567283,-0.006021876946964655,0.027351309714381836
"[-0.009999999999999998, -0.0049999999999999975, 0.035, 0.010000000000000005, 0.0050000000000000044, 0.17]",grasping,25335,398004702,-0.02498638054953617,0.0831398561938741,-0.17606142980943673,1.3957770601141508,-0.006017123115293732,0.027351160613092715
"[-0.009999999999999998, -0.0049999999999999975, 0.035, 0.010000000000000005, 0.0050000000000000044, 0.17]",grasping,25335,402004702,-0.02498518410260442,0.08311747720414608,-0.17608722013810407,1.3957752323400066,-0.006012368747973951,0.027351011346294293
"[-0.009999999999999998, -0.0049999999999999975, 0.035, 0.010000000000000005, 0.0050000000000000044, 0.17]",grasping,25335,406004702,-0.02498398745997138,0.08309509575948759,-0.17611301340345875,1.3957734043468042,-0.006007613916057752,0.027350861890262104
"[-0.009999999999999998, -0.0049999999999999975, 0.035, 0.010000000000000005, 0.0050000000000000044, 0.17]",grasping,25335,410004702,-0.024982790584005543,0.08307271179397269,-0.1761388096175125,1.3957715761583853,-0.006002858579640835,0.027350712251520595
"[-0.009999999999999998, -0.0049999999999999975, 0.035, 0.010000000000000005, 0.0050000000000000044, 0.17]",grasping,25335,414004702,-0.024981593522669043,0.08305032522465083,-0.17616460871233386,1.3957697477573603,-0.005998102777692249,0.027350562436352463
"[-0.009999999999999998, -0.0049999999999999975, 0.035, 0.010000000000000005, 0.0050000000000000044, 0.17]",grasping,25335,418004702,-0.024980396271936156,0.08302793599473368,-0.17619041068298458,1.395767919174167,-0.005993346471072636,0.02735041242691562
"[-0.009999999999999998, -0.0049999999999999975, 0.035, 0.010000000000000005, 0.0050000000000000044, 0.17]",grasping,25335,422004702,-0.02497919880190408,0.08300554406613969,-0.17621621555225886,1.3957660903984648,-0.005988589684398193,0.0273502622590706
"[-0.009999999999999998, -0.0049999999999999975, 0.035, 0.010000000000000005, 0.0050000000000000044, 0.17]",grasping,25335,426004702,-0.02497800114215465,0.0829831494649369,-0.17624202327833416,1.3957642614373897,-0.005983832395844102,0.027350111870292612
"[-0.009999999999999998, -0.0049999999999999975, 0.035, 0.010000000000000005, 0.0050000000000000044, 0.17]",grasping,25335,430004702,-0.02497680329164914,0.08296075217769427,-0.1762678338635446,1.395762432286935,-0.0059790746139268824,0.027349961292852762
"[-0.009999999999999998, -0.0049999999999999975, 0.035, 0.010000000000000005, 0.0050000000000000044, 0.17]",grasping,25335,434004702,-0.024975605238825638,0.08293835225687118,-0.17629364733257802,1.3957606029389156,-0.005974316356669951,0.027349810529683313
"[-0.009999999999999998, -0.0049999999999999975, 0.035, 0.010000000000000005, 0.0050000000000000044, 0.17]",grasping,25335,438004702,-0.024974406964133722,0.08291594971577254,-0.17631946369002804,1.3957587734199506,-0.005969557566980199,0.02734965956833034
"[-0.009999999999999998, -0.0049999999999999975, 0.035, 0.010000000000000005, 0.0050000000000000044, 0.17]",grasping,25335,442004702,-0.0249732085101822,0.0828935446152439,-0.17634528290528806,1.3957569436818567,-0.0059647983188509945,0.0273495084445214
"[-0.009999999999999998, -0.0049999999999999975, 0.035, 0.010000000000000005, 0.0050000000000000044, 0.17]",grasping,25335,446004702,-0.02497200985439474,0.0828711369707893,-0.1763711050035539,1.3957551137422473,-0.005960038575503701,0.027349357133013688
"[-0.009999999999999998, -0.0049999999999999975, 0.035, 0.010000000000000005, 0.0050000000000000044, 0.17]",grasping,25335,450004702,-0.024970810991869596,0.08284872678465227,-0.1763969299941479,1.3957532836074502,-0.005955278348787008,0.027349205635451138
"[-0.009999999999999998, -0.0049999999999999975, 0.035, 0.010000000000000005, 0.0050000000000000044, 0.17]",grasping,25335,454004702,-0.024969611934564317,0.08282631407954355,-0.17642275784031014,1.3957514532596655,-0.005950517654287002,0.027349053931530656
"[-0.009999999999999998, -0.0049999999999999975, 0.035, 0.010000000000000005, 0.0050000000000000044, 0.17]",grasping,25335,458004702,-0.024968412679166496,0.08280389883124961,-0.17644858855908296,1.395749622716469,-0.005945756420014825,0.02734890208910397
"[-0.009999999999999998, -0.0049999999999999975, 0.035, 0.010000000000000005, 0.0050000000000000044, 0.17]",grasping,25335,462004702,-0.04448660759465756,0.057086022109588797,-0.17616851972617908,-0.029974743565723827,-0.00802382246788752,0.012015500014312203
"[-0.009999999999999998, -0.0049999999999999975, 0.035, 0.010000000000000005, 0.0050000000000000044, 0.17]",grasping,25335,466004702,-0.024966013538455845,0.08275906071209249,-0.17650025859545337,1.3957459610412981,-0.0059362325364678,0.027348597773626485
"[-0.009999999999999998, -0.0049999999999999975, 0.035, 0.010000000000000005, 0.0050000000000000044, 0.17]",grasping,25335,470004702,-0.02496481367529202,0.08273663782065022,-0.17652609788032336,1.3957441299005664,-0.00593146987951787,0.027348445346312963
"[-0.009999999999999998, -0.0049999999999999975, 0.035, 0.010000000000000005, 0.0050000000000000044, 0.17]",grasping,25335,474004702,-0.02496361361438032,0.08271421235346033,-0.17655194001426366,1.3957422985621974,-0.005926706680069449,0.027348292763663476
"[-0.009999999999999998, -0.0049999999999999975, 0.035, 0.010000000000000005, 0.0050000000000000044, 0.17]",grasping,25335,478004702,-0.024962413358358804,0.08269178433551616,-0.17657778498917764,1.3957404670352127,-0.005921943044822686,0.027348139957711334
"[-0.009999999999999998, -0.0049999999999999975, 0.035, 0.010000000000000005, 0.0050000000000000044, 0.17]",grasping,25335,482004702,-0.024961212902574637,0.08266935375502094,-0.17660363279821567,1.3957386353109276,-0.005917178910341048,0.02734798696622269
"[-0.009999999999999998, -0.0049999999999999975, 0.035, 0.010000000000000005, 0.0050000000000000044, 0.17]",grasping,25335,486004702,-0.024960012226575012,0.08264692062418,-0.17662948346380603,1.3957368033911248,-0.005912414298318125,0.0273478337818321
"[-0.009999999999999998, -0.0049999999999999975, 0.035, 0.010000000000000005, 0.0050000000000000044, 0.17]",grasping,25335,490004702,-0.024958811368586076,0.08262448492400765,-0.17665533693950408,1.3957349712858367,-0.005907649123136571,0.027347680449689396
"[-0.009999999999999998, -0.0049999999999999975, 0.035, 0.010000000000000005, 0.0050000000000000044, 0.17]",grasping,25335,494004702,-0.14863707686697636,0.071148986336107,-0.46427248503694685,1.395218093129162,-0.010421852630744188,0.009669900943918314
"[-0.009999999999999998, -0.0049999999999999975, 0.035, 0.010000000000000005, 0.0050000000000000044, 0.17]",grasping,25335,498004702,-0.5806569155025185,0.09116535447143548,-1.509760796341741,1.3947979041919583,-0.028852465413635953,-0.02134620224765231
"[-0.009999999999999998, -0.0049999999999999975, 0.035, 0.010000000000000005, 0.0050000000000000044, 0.17]",grasping,25335,502004702,-1.5007142371938875,0.10949537776990148,-3.698863866461423,1.3949478157693052,-0.07046079816452927,-0.10029222417824717
"[-0.009999999999999998, -0.0049999999999999975, 0.035, 0.010000000000000005, 0.0050000000000000044, 0.17]",grasping,25335,506004702,-2.183636863695007,0.21587281090869403,-5.51320674420478,1.386305952511964,-0.09355573946595386,-0.10600394186171631
"[-0.009999999999999998, -0.0049999999999999975, 0.035, 0.010000000000000005, 0.0050000000000000044, 0.17]",grasping,25335,510004702,1.6885126765251155,-0.7442138620129111,4.569392209486757,1.4887750129249917,0.06364418744456746,0.02913117910776157
"[-0.009999999999999998, -0.0049999999999999975, 0.035, 0.010000000000000005, 0.0050000000000000044, 0.17]",grasping,25335,514004702,1.7381759200682068,-0.7924108126566747,4.71965280333416,1.4950224620727264,0.06500571890959583,0.032628680054288886
"[-0.009999999999999998, -0.0049999999999999975, 0.035, 0.010000000000000005, 0.0050000000000000044, 0.17]",grasping,25335,518004702,1.3080673463120431,-0.823768281126604,3.777194770525206,1.5007647866265172,0.044405365465130964,-0.01390740711696678
"[-0.009999999999999998, -0.0049999999999999975, 0.035, 0.010000000000000005, 0.0050000000000000044, 0.17]",grasping,25335,522004702,8.661921955158336,-2.307374800022714,22.69628431307,1.657739143123268,0.3525577039615426,0.3330503488600451
"[-0.009999999999999998, -0.0049999999999999975, 0.035, 0.010000000000000005, 0.0050000000000000044, 0.17]",grasping,25335,526004702,-7.381931485604578,1.205094543520488,-19.007288763169235,-0.1375913755174829,-0.310486448344108,-0.28326881069389664
"[-0.009999999999999998, -0.0049999999999999975, 0.035, 0.010000000000000005, 0.0050000000000000044, 0.17]",grasping,25335,530004702,-7.679796640698289,1.352327726321647,-19.838433290377033,1.2745922706487631,-0.32860844808674805,-0.2961516052937587
"[-0.009999999999999998, -0.0049999999999999975, 0.035, 0.010000000000000005, 0.0050000000000000044, 0.17]",grasping,25335,534004702,-0.27646063165570467,-0.640787374365761,0.3316858047785871,1.4845473241371725,-0.05289409864552602,-0.1979327636262371
"[-0.009999999999999998, -0.0049999999999999975, 0.035, 0.010000000000000005, 0.0050000000000000044, 0.17]",grasping,25335,538004702,9.694231337464913,-2.6643996799690903,26.474348578667886,1.6944957986180207,0.35349773378540594,0.22882199805036418
"[-0.009999999999999998, -0.0049999999999999975, 0.035, 0.010000000000000005, 0.0050000000000000044, 0.17]",grasping,25335,542004702,-1.4790609375987491,-0.4331458967909061,-2.501136326771764,1.464312584361625,-0.12288998126963968,-0.28936427898455336
"[-0.009999999999999998, -0.0049999999999999975, 0.035, 0.010000000000000005, 0.0050000000000000044, 0.17]",grasping,25335,546004702,32.73360369856189,-7.184591294053625,87.36516622102044,2.1769259942398747,1.3200776507506378,1.3018050342741763
"[-0.009999999999999998, -0.0049999999999999975, 0.035, 0.010000000000000005, 0.0050000000000000044, 0.17]",grasping,25335,550004702,-3.1014079338825162,0.037201735079559484,-6.9337366809403775,1.4240311959883694,-0.18040880644538182,-0.25478236678754607
"[-0.009999999999999998, -0.0049999999999999975, 0.035, 0.010000000000000005, 0.0050000000000000044, 0.17]",grasping,25335,554004702,-2.5177414887457363,0.350028445855342,-6.178242757944453,1.3918783600554145,-0.13844465692808894,-0.03959149849938816
"[-0.009999999999999998, -0.0049999999999999975, 0.035, 0.010000000000000005, 0.0050000000000000044, 0.17]",grasping,25335,558004702,-1.4956209554150155,0.3289936303501495,-3.568752222570552,1.3903830919579705,-0.11331697893194281,-0.008484842803391596
"[-0.009999999999999998, -0.0049999999999999975, 0.035, 0.010000000000000005, 0.0050000000000000044, 0.17]",grasping,25335,562004702,11.854866777369178,-2.1612258867153358,32.34680894840506,1.643839075465269,0.44008675509923423,0.5843398302181195
"[-0.009999999999999998, -0.0049999999999999975, 0.035, 0.010000000000000005, 0.0050000000000000044, 0.17]",grasping,25335,566004702,10.852083479668645,-2.259845387847342,30.603889028799188,1.6561370118361731,0.36524081143316633,0.3671951312891189
"[-0.009999999999999998, -0.0049999999999999975, 0.035, 0.010000000000000005, 0.0050000000000000044, 0.17]",grasping,25335,570004702,-1.2162265400031445,0.5805735387713113,-2.842126419961698,1.363711212264743,-0.1363609336831687,-0.020566377223587326
"[-0.009999999999999998, -0.0049999999999999975, 0.035, 0.010000000000000005, 0.0050000000000000044, 0.17]",grasping,25335,574004702,-14.61530038974969,3.1506862935023676,-39.52112918588876,-0.32365834366235813,-0.7238685013048026,-0.6623686427433501
"[-0.009999999999999998, -0.0049999999999999975, 0.035, 0.010000000000000005, 0.0050000000000000044, 0.17]",grasping,25335,578004702,-12.54608059337988,3.2558487061364154,-35.02704715639421,1.0895415971581888,-0.6205180664266011,-0.3802750508070352
"[-0.009999999999999998, -0.0049999999999999975, 0.035, 0.010000000000000005, 0.0050000000000000044, 0.17]",grasping,25335,582004702,9.299478859885854,-2.0924046310920943,27.27130381127077,1.650312034489191,0.27860846999422306,0.296886204852699
"[-0.009999999999999998, -0.0049999999999999975, 0.035, 0.010000000000000005, 0.0050000000000000044, 0.17]",grasping,25335,586004702,-3.1268088876966518,0.6827236888276857,-8.083970003675411,-0.05885087513557097,-0.24157185469545372,-0.10699868000701174
"[-0.009999999999999998, -0.0049999999999999975, 0.035, 0.010000000000000005, 0.0050000000000000044, 0.17]",grasping,25335,590004702,-2.64037018305043,0.45630766502562103,-6.4828614364238035,1.3906379775218176,-0.2515185238568457,-0.178426917709468
"[-0.009999999999999998, -0.0049999999999999975, 0.035, 0.010000000000000005, 0.0050000000000000044, 0.17]",grasping,25335,594004702,-13.285002855978886,3.205235769918927,-37.97242793924396,1.106517403178606,-0.6870057329275215,-0.43159512377020537
"[-0.009999999999999998, -0.0049999999999999975, 0.035, 0.010000000000000005, 0.0050000000000000044, 0.17]",grasping,25335,598004702,-12.803288961323512,2.880232480103677,-36.198436477660536,1.1416336369360192,-0.7111328208442574,-0.5862369964708538
"[-0.009999999999999998, -0.0049999999999999975, 0.035, 0.010000000000000005, 0.0050000000000000044, 0.17]",grasping,25335,602004702,-2.162513812993506,0.5506922541015662,-5.298045612630695,1.3812226378256793,-0.27148826064021714,-0.19922159948272325
"[-0.009999999999999998, -0.0049999999999999975, 0.035, 0.010000000000000005, 0.0050000000000000044, 0.17]",grasping,25335,606004702,-12.02813111814695,3.0185335577012395,-34.94194651288084,-0.29783917792191117,-0.6822374424760506,-0.4712868340742189
"[-0.009999999999999998, -0.0049999999999999975, 0.035, 0.010000000000000005, 0.0050000000000000044, 0.17]",grasping,25335,610004702,-11.308476931380733,2.973589054479767,-33.23753918016242,1.1336018657550968,-0.6562106299973575,-0.4101721203139277
"[-0.009999999999999998, -0.0049999999999999975, 0.035, 0.010000000000000005, 0.0050000000000000044, 0.17]",grasping,25335,614004702,7.825475576773391,-1.19733544541835,23.34234255983854,1.5593916107423937,0.16461167602415028,0.3385463078068715
"[-0.009999999999999998, -0.0049999999999999975, 0.035, 0.010000000000000005, 0.0050000000000000044, 0.17]",grasping,25335,618004702,-2.7400231799083397,0.7378127847897975,-7.424369040215847,1.3680818100610668,-0.32457137218547716,-0.20270439667749424
"[-0.009999999999999998, -0.0049999999999999975, 0.035, 0.010000000000000005, 0.0050000000000000044, 0.17]",grasping,25335,622004702,-10.492083390666645,2.56730080515122,-31.173770771807476,1.1814659204767484,-0.6592424025199578,-0.44406856482878065
"[-0.009999999999999998, -0.0049999999999999975, 0.035, 0.010000000000000005, 0.0050000000000000044, 0.17]",grasping,25335,626004702,-9.932912567120034,2.3518663914336493,-29.59691259259214,-0.22132924404908372,-0.6492946143437869,-0.4625834732719647
"[-0.009999999999999998, -0.0049999999999999975, 0.035, 0.010000000000000005, 0.0050000000000000044, 0.17]",grasping,25335,630004702,-2.6899646322987047,0.8661586582456717,-7.951984442557862,-0.07050166053455675,-0.3329270126088847,-0.1472086237615608
"[-0.009999999999999998, -0.0049999999999999975, 0.035, 0.010000000000000005, 0.0050000000000000044, 0.17]",grasping,25335,634004702,-8.11080551288397,2.2484690338546436,-24.988317542993677,-0.21368229297033103,-0.5697660392057514,-0.2992891231590532
"[-0.009999999999999998, -0.0049999999999999975, 0.035, 0.010000000000000005, 0.0050000000000000044, 0.17]",grasping,25335,638004702,-2.535903223683878,0.9724675964512581,-7.816007759282286,1.3450949626884903,-0.33836367219758867,-0.12178761197435192
"[-0.009999999999999998, -0.0049999999999999975, 0.035, 0.010000000000000005, 0.0050000000000000044, 0.17]",grasping,25335,642004702,-2.7653410456258403,1.0644996986826687,-8.623387049589823,1.335820911502789,-0.3551727339089179,-0.13182436231511865
"[-0.009999999999999998, -0.0049999999999999975, 0.035, 0.010000000000000005, 0.0050000000000000044, 0.17]",grasping,25335,646004702,1.1610978023837113,0.3953303169564766,3.22889075391749,1.4009629958139331,-0.18425486878660302,0.05895441918187448
"[-0.009999999999999998, -0.0049999999999999975, 0.035, 0.010000000000000005, 0.0050000000000000044, 0.17]",grasping,25335,650004702,0.09182025391061821,0.5058527795400671,0.12087110958311342,1.3913419405968477,-0.24665990215717737,-0.04081904267306361
"[-0.009999999999999998, -0.0049999999999999975, 0.035, 0.010000000000000005, 0.0050000000000000044, 0.17]",grasping,25335,654004702,-3.8646389981170417,1.4064231934709497,-12.311424785454982,-0.12830192380306005,-0.42595056415075316,-0.19231179536634463
"[-0.009999999999999998, -0.0049999999999999975, 0.035, 0.010000000000000005, 0.0050000000000000044, 0.17]",grasping,25335,658004702,-2.2037094924001672,1.1287143970139208,-7.355663626335996,1.3269600736943914,-0.3492269789199125,-0.09395099715487194
"[-0.009999999999999998, -0.0049999999999999975, 0.035, 0.010000000000000005, 0.0050000000000000044, 0.17]",grasping,25335,662004702,-2.040980659908953,1.0535168157255796,-6.814173898033026,1.335327508669494,-0.34738901694058677,-0.1030236308983423
"[-0.009999999999999998, -0.0049999999999999975, 0.035, 0.010000000000000005, 0.0050000000000000044, 0.17]",grasping,25335,666004702,-1.3486109799377477,0.8112469600992362,-4.549593071448641,1.3616738371708759,-0.3214276638929804,-0.09854947193391198
"[-0.009999999999999998, -0.0049999999999999975, 0.035, 0.010000000000000005, 0.0050000000000000044, 0.17]",grasping,25335,670004702,-0.8987957557811457,0.5977440595100845,-3.051421413926551,1.3856336167108267,-0.3036374678867293,-0.09774019989102875
"[-0.009999999999999998, -0.0049999999999999975, 0.035, 0.010000000000000005, 0.0050000000000000044, 0.17]",grasping,25335,674004702,-0.604025132838026,0.4099718225583828,-2.0576743890630915,1.406934703710224,-0.2908892560321933,-0.09752749619711557
"[-0.009999999999999998, -0.0049999999999999975, 0.035, 0.010000000000000005, 0.0050000000000000044, 0.17]",grasping,25335,678004702,-0.41228599572449914,0.25098507640182,-1.3978075225621716,1.425280512805958,-0.28199043276291513,-0.09805366862813647
"[-0.009999999999999998, -0.0049999999999999975, 0.035, 0.010000000000000005, 0.0050000000000000044, 0.17]",grasping,25335,682004702,-0.2991862671006768,0.12829099495554708,-0.9615262561628981,1.43888799899399,-0.2780279930991394,-0.09766478029135839
"[-0.009999999999999998, -0.0049999999999999975, 0.035, 0.010000000000000005, 0.0050000000000000044, 0.17]",grasping,25335,686004702,-0.20340853653115915,0.042560711459918465,-0.6734821854099877,1.4495464025728109,-0.2718347089633366,-0.09958039090752237
"[-0.009999999999999998, -0.0049999999999999975, 0.035, 0.010000000000000005, 0.0050000000000000044, 0.17]",grasping,25335,690004702,-0.14918396908811132,-0.0015232840840422313,-0.4872615476104585,1.4544501124883102,-0.2694592117679635,-0.09980477965483463
"[-0.009999999999999998, -0.0049999999999999975, 0.035, 0.010000000000000005, 0.0050000000000000044, 0.17]",grasping,25335,694004702,-0.11329241157110725,-0.010626288057567379,-0.36916348623462625,1.4552147667911464,-0.26843374574721357,-0.09949213944728327
"[-0.009999999999999998, -0.0049999999999999975, 0.035, 0.010000000000000005, 0.0050000000000000044, 0.17]",grasping,25335,698004702,-0.0890809527929311,0.005590223048553611,-0.29645568091777363,1.4530610798945491,-0.26810629312974465,-0.0989284650712395
"[-0.009999999999999998, -0.0049999999999999975, 0.035, 0.010000000000000005, 0.0050000000000000044, 0.17]",insertion,25335,702004702,-0.09006323867826166,0.017807266729210625,-0.24467344790532408,0.02316800962106469,-0.2708906698835396,-0.1122203764547311
"[-0.009999999999999998, -0.0049999999999999975, 0.035, 0.010000000000000005, 0.0050000000000000044, 0.17]",insertion,25335,706004702,0.0,0.0,0.0,0.0,0.0,0.0
"[-0.009999999999999998, -0.0049999999999999975, 0.035, 0.010000000000000005, 0.0050000000000000044, 0.17]",insertion,25335,710004702,0.007949700354785816,0.028786131651639124,0.015406203335857072,-0.0034556046474819024,-0.0003150657098293097,0.0008258890500377957
"[-0.009999999999999998, -0.0049999999999999975, 0.035, 0.010000000000000005, 0.0050000000000000044, 0.17]",insertion,25335,714004702,0.013013509245996424,0.04759240771092266,0.02566142836508334,-0.0056891858080959645,-0.0004205285930939384,0.0015339010272276514
"[-0.009999999999999998, -0.0049999999999999975, 0.035, 0.010000000000000005, 0.0050000000000000044, 0.17]",insertion,25335,718004702,0.016245235930457624,0.05461781603548843,0.03359913016594618,-0.006483081452790362,-0.00039840097742049885,0.0019598739147794137
"[-0.009999999999999998, -0.0049999999999999975, 0.035, 0.010000000000000005, 0.0050000000000000044, 0.17]",insertion,25335,722004702,0.018549540976682155,0.051060771914166025,0.04019688419824874,-0.0059653132454662305,5.682026789344263e-05,0.001986348299543756
"[-0.009999999999999998, -0.0049999999999999975, 0.035, 0.010000000000000005, 0.0050000000000000044, 0.17]",insertion,25335,726004702,0.019198295409765975,0.039872835790033534,0.047116090861635485,-0.0046144518344350405,3.988584284886354e-05,0.0020626463529684015
"[-0.009999999999999998, -0.0049999999999999975, 0.035, 0.010000000000000005, 0.0050000000000000044, 0.17]",insertion,25335,730004702,0.019745596655811826,0.02506751243566363,0.05292388593219499,-0.002800847974910814,0.0004137408993100111,0.0018125531356250578
"[-0.009999999999999998, -0.0049999999999999975, 0.035, 0.010000000000000005, 0.0050000000000000044, 0.17]",insertion,25335,734004702,0.019955190181228766,0.010367290235885562,0.057800783604811556,-0.0010154800511387452,0.0007484084951061565,0.001509953219863999
"[-0.009999999999999998, -0.0049999999999999975, 0.035, 0.010000000000000005, 0.0050000000000000044, 0.17]",insertion,25335,738004702,-0.0003957781440437347,-0.03052889839096551,0.0624819295890795,-1.4243888640486762,-0.0015444557931454383,-0.013296752862644139
"[-0.009999999999999998, -0.0049999999999999975, 0.035, 0.010000000000000005, 0.0050000000000000044, 0.17]",insertion,25335,742004702,0.02020499236850859,-0.008628914795838938,0.06362465542702722,0.001253972638292411,0.0010923624100824814,0.0009833009008968791
"[-0.009999999999999998, -0.0049999999999999975, 0.035, 0.010000000000000005, 0.0050000000000000044, 0.17]",insertion,25335,746004702,0.02018914823949186,-0.01079944275916489,0.0646304472549275,0.0015102140634107863,0.0011058306521142258,0.0008776984508953607
"[-0.009999999999999998, -0.0049999999999999975, 0.035, 0.010000000000000005, 0.0050000000000000044, 0.17]",insertion,25335,750004702,0.020592485213781764,-0.00859371188589897,0.06416800435984271,0.001277185166156214,0.001282266137025978,0.0007679246896964221
"[-0.009999999999999998, -0.0049999999999999975, 0.035, 0.010000000000000005, 0.0050000000000000044, 0.17]",insertion,25335,754004702,0.02028513998747178,-0.0036302199071460706,0.06379519159501612,0.0006426084478173832,0.0008827379413269831,0.000956832064362023
"[-0.009999999999999998, -0.0049999999999999975, 0.035, 0.010000000000000005, 0.0050000000000000044, 0.17]",insertion,25335,758004702,0.020455963033273517,0.0026303492309391885,0.06263500542199552,-9.97730273112063e-05,0.0007843253058028576,0.001061914737349851
"[-0.009999999999999998, -0.0049999999999999975, 0.035, 0.010000000000000005, 0.0050000000000000044, 0.17]",insertion,25335,762004702,2.7008372764203425e-05,-0.016933934225795255,0.06174320498243446,-1.4260031583023998,-0.001883235084550905,-0.01318959695507713
"[-0.009999999999999998, -0.0049999999999999975, 0.035, 0.010000000000000005, 0.0050000000000000044, 0.17]",insertion,25335,766004702,0.020347226576998945,0.013021933463813085,0.06118087401659267,-0.001376092500861792,0.0002160095758201308,0.0014896996313742148
"[-0.009999999999999998, -0.0049999999999999975, 0.035, 0.010000000000000005, 0.0050000000000000044, 0.17]",insertion,25335,770004702,0.0004046335576529114,-0.010903912933835969,0.06052681995168996,-1.4266985166286994,-0.0019976265553087735,-0.0130358901780183
"[-0.009999999999999998, -0.0049999999999999975, 0.035, 0.010000000000000005, 0.0050000000000000044, 0.17]",insertion,25335,774004702,0.0210348779731398,0.016111837239556337,0.060074346795051525,-0.0016501699986543883,0.0005744117461449205,0.001400165455154593
"[-0.009999999999999998, -0.0049999999999999975, 0.035, 0.010000000000000005, 0.0050000000000000044, 0.17]",insertion,25335,778004702,0.020996322393583733,0.015010002624546104,0.060387813467919216,-0.001493949193307642,0.0006152246261723615,0.0014004212353687677
"[-0.009999999999999998, -0.0049999999999999975, 0.035, 0.010000000000000005, 0.0050000000000000044, 0.17]",insertion,25335,783004702,0.0002309188325221312,-0.01450883256881319,0.06156611240735188,-1.4262031421916705,-0.0019225518149604826,-0.013025926324914793
"[-0.009999999999999998, -0.0049999999999999975, 0.035, 0.010000000000000005, 0.0050000000000000044, 0.17]",insertion,25335,786004702,0.020807004897848314,0.010468758217468732,0.06148979757542605,-0.000914520029965088,0.0006978117417595353,0.0013256353911463865
"[-0.009999999999999998, -0.0049999999999999975, 0.035, 0.010000000000000005, 0.0050000000000000044, 0.17]",insertion,25335,790004702,0.00010096897175931874,-0.018984537858818484,0.06256691380060175,-1.4256322867213274,-0.001782519457367182,-0.013149749847138115
"[-0.009999999999999998, -0.0049999999999999975, 0.035, 0.010000000000000005, 0.0050000000000000044, 0.17]",insertion,25335,794004702,0.020698700791787372,0.006746251264898362,0.06233531564405226,-0.0004381476123507533,0.0008179050469839799,0.0012240867168005851
"[-0.009999999999999998, -0.0049999999999999975, 0.035, 0.010000000000000005, 0.0050000000000000044, 0.17]",insertion,25335,798004702,0.020818606141709883,0.0059410139360434044,0.06240255413824869,-0.00034640447658490503,0.0007768576335273059,0.0011576901056394922
"[-0.009999999999999998, -0.0049999999999999975, 0.035, 0.010000000000000005, 0.0050000000000000044, 0.17]",insertion,25335,802004702,0.020797667037942114,0.005966721109453843,0.06245329083593987,-0.0003388215417066409,0.0007814082839537884,0.0011718441386784567
"[-0.009999999999999998, -0.0049999999999999975, 0.035, 0.010000000000000005, 0.0050000000000000044, 0.17]",insertion,25335,806004702,0.020766592338502254,0.006587517929643738,0.062363114344215376,-0.00040179009229143747,0.0007751278078831358,0.00117570607121034
"[-0.009999999999999998, -0.0049999999999999975, 0.035, 0.010000000000000005, 0.0050000000000000044, 0.17]",insertion,25335,810004702,0.020964105718905002,0.007634746094195677,0.06199338056377712,-0.000496245198580797,0.0008885575930458467,0.0011569573577449293
"[-0.009999999999999998, -0.0049999999999999975, 0.035, 0.010000000000000005, 0.0050000000000000044, 0.17]",insertion,25335,814004702,0.016712833090457124,-0.0032241246276658586,0.05649358226436618,-0.0015433852069609566,0.0008924270550665359,-0.006796015803615085
"[-0.009999999999999998, -0.0049999999999999975, 0.035, 0.010000000000000005, 0.0050000000000000044, 0.17]",insertion,25335,818004702,0.0267743999634934,0.011444686518178315,0.05811073355936003,-0.002576498744913114,0.0020821695191584055,0.0018915424352068761
"[-0.009999999999999998, -0.0049999999999999975, 0.035, 0.010000000000000005, 0.0050000000000000044, 0.17]",insertion,25335,822004702,0.02474629829265712,0.011563800746236197,0.05926121620692726,-0.00201935041206569,0.0016860299820853353,0.0017347041800943762
"[-0.009999999999999998, -0.0049999999999999975, 0.035, 0.010000000000000005, 0.0050000000000000044, 0.17]",insertion,25335,826004702,0.023128301627331094,0.011905046056472912,0.060143419600727555,-0.0017105363080359148,0.0012102610327509034,0.0016383243870503467
"[-0.009999999999999998, -0.0049999999999999975, 0.035, 0.010000000000000005, 0.0050000000000000044, 0.17]",insertion,25335,830004702,0.0017772509836399553,-0.014448149277809463,0.06084647662874332,-1.4264997256059915,-0.0014413692415934376,-0.012927190872125644
"[-0.009999999999999998, -0.0049999999999999975, 0.035, 0.010000000000000005, 0.0050000000000000044, 0.17]",insertion,25335,834004702,0.02197421139438377,0.01238505328695716,0.06061746164866122,-0.00132397103684323,0.0010436289352522277,0.0014468340823143282
"[-0.009999999999999998, -0.0049999999999999975, 0.035, 0.010000000000000005, 0.0050000000000000044, 0.17]",insertion,25335,838004702,0.02156129458971595,0.012095040516244993,0.06092317861489249,-0.0011697315578901857,0.0009854572329524025,0.0014119718115513658
"[-0.009999999999999998, -0.0049999999999999975, 0.035, 0.010000000000000005, 0.0050000000000000044, 0.17]",insertion,25335,842004702,0.0006002762190286393,-0.015456894740061955,0.06176924633648895,-1.4260392409142235,-0.0016224913865088286,-0.013012995423855016
"[-0.009999999999999998, -0.0049999999999999975, 0.035, 0.010000000000000005, 0.0050000000000000044, 0.17]",insertion,25335,846004702,0.02104984448382813,0.010760549221410898,0.06149766790154132,-0.0008725221947408768,0.0009283069817311862,0.0013529643393488605
"[-0.009999999999999998, -0.0049999999999999975, 0.035, 0.010000000000000005, 0.0050000000000000044, 0.17]",insertion,25335,850004702,0.02092346965047226,0.010030578721325512,0.061723596471530584,-0.0007421129895993084,0.0009449285949182373,0.0013286743097725212
"[-0.009999999999999998, -0.0049999999999999975, 0.035, 0.010000000000000005, 0.0050000000000000044, 0.17]",insertion,25335,854004702,0.020831959065141292,0.009428887303783995,0.061902889091697944,-0.000638090721636897,0.0009644121488334712,0.0013084480873420505
"[-0.009999999999999998, -0.0049999999999999975, 0.035, 0.010000000000000005, 0.0050000000000000044, 0.17]",insertion,25335,858004702,0.02069295465217158,0.00891695610557619,0.06210898259208264,-0.0005857522442007657,0.000770445719641244,0.0012976164006107916
"[-0.009999999999999998, -0.0049999999999999975, 0.035, 0.010000000000000005, 0.0050000000000000044, 0.17]",insertion,25335,862004702,0.020872583400251055,0.008838537617565478,0.06201113781267509,-0.000540947801224323,0.0009036197975409443,0.0012856778912444643
"[-0.009999999999999998, -0.0049999999999999975, 0.035, 0.010000000000000005, 0.0050000000000000044, 0.17]",insertion,25335,866004702,0.020821525069729008,0.008886358303273667,0.062033558377805775,-0.000530035210775881,0.0009102561306165713,0.0012803963908405661
"[-0.009999999999999998, -0.0049999999999999975, 0.035, 0.010000000000000005, 0.0050000000000000044, 0.17]",insertion,25335,870004702,0.02078579996188884,0.009111397361982299,0.0620119157906025,-0.0005419425474962047,0.0009173186349950013,0.0012792534616767647
"[-0.009999999999999998, -0.0049999999999999975, 0.035, 0.010000000000000005, 0.0050000000000000044, 0.17]",insertion,25335,874004702,0.020754373470546983,0.009441102257621736,0.0619798834364218,-0.0005727775283610459,0.0008966034609432239,0.0012962058579642334
"[-0.009999999999999998, -0.0049999999999999975, 0.035, 0.010000000000000005, 0.0050000000000000044, 0.17]",insertion,25335,878004702,0.020719801777380198,0.009742244409476797,0.061915564325936145,-0.0005952824613904562,0.0009086564170721623,0.0012793745509338027
"[-0.009999999999999998, -0.0049999999999999975, 0.035, 0.010000000000000005, 0.0050000000000000044, 0.17]",insertion,25335,882004702,0.020716108434642055,0.01002454233778316,0.06186379094090455,-0.0006162489616070854,0.000925560158998362,0.0012847918167443566
"[-0.009999999999999998, -0.0049999999999999975, 0.035, 0.010000000000000005, 0.0050000000000000044, 0.17]",insertion,25335,886004702,0.020708843973647362,0.01021237836057054,0.06183251380826249,-0.0006261603675279948,0.000943673720449123,0.0012882898143676312
"[-0.009999999999999998, -0.0049999999999999975, 0.035, 0.010000000000000005, 0.0050000000000000044, 0.17]",insertion,25335,890004702,0.020830915478512013,0.01023777233312373,0.06174416342821587,-0.0006345240399488195,0.0008646665609335358,0.0012756375445559217
"[-0.009999999999999998, -0.0049999999999999975, 0.035, 0.010000000000000005, 0.0050000000000000044, 0.17]",insertion,25335,894004702,0.020830345881636736,0.010237400167184774,0.061768333902413985,-0.0006227859743574982,0.000882734280653108,0.0012942902103100428
"[-0.009999999999999998, -0.0049999999999999975, 0.035, 0.010000000000000005, 0.0050000000000000044, 0.17]",insertion,25335,898004702,0.020800628894237783,0.010159348701083815,0.06179857105480835,-0.0006015308933516317,0.0008991858032252331,0.0012894163801497908
"[-0.009999999999999998, -0.0049999999999999975, 0.035, 0.010000000000000005, 0.0050000000000000044, 0.17]",insertion,25335,902004702,0.03087959528326306,0.022091613866338733,1.3213354907373898,-0.0033359809313303346,-0.0009508233014137168,0.0077744511693632
"[-0.009999999999999998, -0.0049999999999999975, 0.035, 0.010000000000000005, 0.0050000000000000044, 0.17]",insertion,25335,906004702,0.03971039704134266,0.032477227812444553,2.54210174527568,-0.0058007059177080655,-0.002824844002302762,0.013347929465542481
"[-0.009999999999999998, -0.0049999999999999975, 0.035, 0.010000000000000005, 0.0050000000000000044, 0.17]",insertion,25335,910004702,0.01172543636301171,0.0010414828058422643,0.65920977897418,-7.054855723326314e-05,-0.002580521261472013,-0.003764991287688926
"[-0.009999999999999998, -0.0049999999999999975, 0.035, 0.010000000000000005, 0.0050000000000000044, 0.17]",insertion,25335,914004702,-0.008942603071193489,-0.02253450212300301,-1.095592520306468,0.00465679882977954,-0.001187131509138517,-0.01655904548262858
"[-0.009999999999999998, -0.0049999999999999975, 0.035, 0.010000000000000005, 0.0050000000000000044, 0.17]",insertion,25335,918004702,0.020299925888022374,0.009815070398218495,0.32277379983560195,-0.000553855923507568,0.0001058949168764034,0.0013162450718157883
"[-0.009999999999999998, -0.0049999999999999975, 0.035, 0.010000000000000005, 0.0050000000000000044, 0.17]",insertion,25335,922004702,0.011919894617997917,-0.00017674076076623635,-1.0390655542927334,0.0021236407777230626,0.0023886191973430115,-0.003981127534371727
"[-0.009999999999999998, -0.0049999999999999975, 0.035, 0.010000000000000005, 0.0050000000000000044, 0.17]",insertion,25335,926004702,0.01660388997163681,0.005431914358846157,0.12292534957558487,0.00038906122409912425,0.00010463088655909836,-0.0012589182179992366
"[-0.009999999999999998, -0.0049999999999999975, 0.035, 0.010000000000000005, 0.0050000000000000044, 0.17]",insertion,25335,930004702,0.011692399946363397,0.00105196382662065,-0.13499070040170125,0.001243910382162594,-0.0003189303019032197,-0.0036990665197325465
"[-0.009999999999999998, -0.0049999999999999975, 0.035, 0.010000000000000005, 0.0050000000000000044, 0.17]",insertion,25335,934004702,0.042289274968083934,0.03524165061347517,1.4715259433053554,-0.0043659927812259025,0.0006127934802768742,0.015026946384054243
"[-0.009999999999999998, -0.0049999999999999975, 0.035, 0.010000000000000005, 0.0050000000000000044, 0.17]",insertion,25335,938004702,0.017346204645187102,0.007248332963994741,-0.15594476967973137,0.0008253298193507674,0.000991488627842152,-0.0005367209678342343
"[-0.009999999999999998, -0.0049999999999999975, 0.035, 0.010000000000000005, 0.0050000000000000044, 0.17]",insertion,25335,942004702,0.01755160219578067,0.0077866276309705995,-0.2047217481315684,0.0009390779448051056,0.001154128769349616,-0.0003343796564336879
"[-0.009999999999999998, -0.0049999999999999975, 0.035, 0.010000000000000005, 0.0050000000000000044, 0.17]",insertion,25335,946004702,0.01750849653451808,0.007966421199729012,-0.2367184542591616,0.0010819351157469181,0.0012326656132407576,-0.00030652293381029476
"[-0.009999999999999998, -0.0049999999999999975, 0.035, 0.010000000000000005, 0.0050000000000000044, 0.17]",insertion,25335,950004702,-0.012421705697981344,-0.029540031229743136,-1.624223864135466,-1.4210901599186418,0.0008380493754926999,-0.020468271645673112
"[-0.009999999999999998, -0.0049999999999999975, 0.035, 0.010000000000000005, 0.0050000000000000044, 0.17]",insertion,25335,954004702,-0.004285476304948577,-0.021054513324640922,-1.4092038829674784,-1.4221765350886737,0.0018359830693102097,-0.015804928828854724
"[-0.009999999999999998, -0.0049999999999999975, 0.035, 0.010000000000000005, 0.0050000000000000044, 0.17]",insertion,25335,958004702,0.03932680990749743,0.03280021028209923,1.536969093473619,-0.003411825220052095,-0.0002277843622857656,0.013267165556730857
"[-0.009999999999999998, -0.0049999999999999975, 0.035, 0.010000000000000005, 0.0050000000000000044, 0.17]",insertion,25335,962004702,0.010987657201560141,0.0007439408032592354,-1.261612473458726,0.0034234708170023664,0.002686314315091032,-0.004154171452278626
"[-0.009999999999999998, -0.0049999999999999975, 0.035, 0.010000000000000005, 0.0050000000000000044, 0.17]",insertion,25335,966004702,0.00925922209965796,-0.00026225353909836713,0.07704450875723978,0.002241495153115558,-0.0015089278550408647,-0.005014346292224694
"[-0.009999999999999998, -0.0049999999999999975, 0.035, 0.010000000000000005, 0.0050000000000000044, 0.17]",insertion,25335,970004702,-0.01252316867961245,-0.029148247548544504,-1.3266641532968606,-1.4209114724684864,-0.00010418715657833921,-0.02037588826041063
"[-0.009999999999999998, -0.0049999999999999975, 0.035, 0.010000000000000005, 0.0050000000000000044, 0.17]",insertion,25335,974004702,0.02002754985016958,0.011675595106465764,0.18398748030003986,0.0009198219152747877,9.23092808736703e-05,0.001670446664389022
"[-0.009999999999999998, -0.0049999999999999975, 0.035, 0.010000000000000005, 0.0050000000000000044, 0.17]",insertion,25335,978004702,0.009973599408807876,-0.00010132100268300803,-1.2431396838671844,0.00392558173910873,0.0024411517745501765,-0.004657175351437932
"[-0.009999999999999998, -0.0049999999999999975, 0.035, 0.010000000000000005, 0.0050000000000000044, 0.17]",insertion,25335,982004702,0.05119316940246943,0.04724511790565877,3.0518464434922805,-0.006152368973517036,-0.0028571474819074627,0.02110115967166161
"[-0.009999999999999998, -0.0049999999999999975, 0.035, 0.010000000000000005, 0.0050000000000000044, 0.17]",insertion,25335,986004702,0.008210305074662638,-0.0012600985744679605,-0.26496078415691926,0.003266594011826024,-0.0008206586027521556,-0.005503655030916507
"[-0.009999999999999998, -0.0049999999999999975, 0.035, 0.010000000000000005, 0.0050000000000000044, 0.17]",insertion,25335,990004702,0.009630440108758798,0.0005018032876673573,-0.2897951551399842,0.0032013121522941057,-0.000560824114995695,-0.004434277912774794
"[-0.009999999999999998, -0.0049999999999999975, 0.035, 0.010000000000000005, 0.0050000000000000044, 0.17]",insertion,25335,994004702,0.02256918051630824,0.014789836331884132,-0.04227927821283828,0.0013364796487395358,0.0009374769692989116,0.0035804969292346873
"[-0.009999999999999998, -0.0049999999999999975, 0.035, 0.010000000000000005, 0.0050000000000000044, 0.17]",insertion,25335,998004702,-0.025824027954211015,-0.0433504379379368,-1.6601914766648065,-1.418044717557795,-0.0016077888619899783,-0.028282859634266206
"[-0.009999999999999998, -0.0049999999999999975, 0.035, 0.010000000000000005, 0.0050000000000000044, 0.17]",insertion,25336,2004702,-0.0005223015705496659,-0.009914272269854862,-0.33670892934010865,0.004843554152260565,-0.0023628572841549733,-0.01037043307281615
"[-0.009999999999999998, -0.0049999999999999975, 0.035, 0.010000000000000005, 0.0050000000000000044, 0.17]",insertion,25336,6004702,0.018801915675645153,0.010930689003759042,-0.31244260383312294,0.0025036935059384313,0.0011726733981464177,0.001154259771779886
"[-0.009999999999999998, -0.0049999999999999975, 0.035, 0.010000000000000005, 0.0050000000000000044, 0.17]",insertion,25336,10004702,-0.002778024093961995,-0.013121689724693297,-1.8327094657479464,0.007112147484090836,0.0017496758996921047,-0.012070621836769461
"[-0.009999999999999998, -0.0049999999999999975, 0.035, 0.010000000000000005, 0.0050000000000000044, 0.17]",insertion,25336,14004702,0.01577034850549136,0.008338478626203738,0.9629573196507586,0.0017454945483671158,-0.0031673462463533975,-0.0005998461141323952
"[-0.009999999999999998, -0.0049999999999999975, 0.035, 0.010000000000000005, 0.0050000000000000044, 0.17]",insertion,25336,18004702,0.012712560190622557,0.005253765074368033,-0.26571850703615496,0.003470003355563578,-0.00046728269863482996,-0.002008206175544434
"[-0.009999999999999998, -0.0049999999999999975, 0.035, 0.010000000000000005, 0.0050000000000000044, 0.17]",insertion,25336,22004702,-0.015753236965831197,-0.031566124000041995,-1.6546304912488274,-1.4186561155314519,2.6065042705081254e-05,-0.02196256664737185
"[-0.009999999999999998, -0.0049999999999999975, 0.035, 0.010000000000000005, 0.0050000000000000044, 0.17]",insertion,25336,26004702,-0.06747014329302775,-0.05498147071116577,-1.6975737573877367,-1.4226536708371067,-0.009618854540775379,-0.02687336100322285
"[-0.009999999999999998, -0.0049999999999999975, 0.035, 0.010000000000000005, 0.0050000000000000044, 0.17]",insertion,25336,30004702,0.004186340848993386,-0.014820774351225197,-1.625515904394888,0.008154051067694235,-0.002837580021309072,-0.011666253509326522
"[-0.009999999999999998, -0.0049999999999999975, 0.035, 0.010000000000000005, 0.0050000000000000044, 0.17]",insertion,25336,34004702,0.042051905705528525,0.035845887583521474,1.3857293811767555,-0.0009604841996079805,-0.004805788568638114,0.012723567140620545
"[-0.009999999999999998, -0.0049999999999999975, 0.035, 0.010000000000000005, 0.0050000000000000044, 0.17]",insertion,25336,38004702,0.0013728717893580211,-0.009627716647578666,-1.4365813507979368,-1.420688213038546,-0.0029448363359256824,-0.013918387399995995
"[-0.009999999999999998, -0.0049999999999999975, 0.035, 0.010000000000000005, 0.0050000000000000044, 0.17]",insertion,25336,42004702,0.015325468242078921,0.011006265952435257,-0.2733711252821891,0.003999597956054979,-0.0047628667585307705,-0.0036673946727309786
"[-0.009999999999999998, -0.0049999999999999975, 0.035, 0.010000000000000005, 0.0050000000000000044, 0.17]",insertion,25336,46004702,0.023080631926253536,0.01948362119050273,-0.15799011324297396,0.0029062284020042184,-0.00409365114957283,0.0017202180624644146
"[-0.009999999999999998, -0.0049999999999999975, 0.035, 0.010000000000000005, 0.0050000000000000044, 0.17]",insertion,25336,50004702,0.02729021453768371,0.021078130997770117,-0.19453624552047089,0.0029469268705848706,-0.002869102424335579,0.0038222983322450258
"[-0.009999999999999998, -0.0049999999999999975, 0.035, 0.010000000000000005, 0.0050000000000000044, 0.17]",insertion,25336,54004702,0.011409889990478594,0.0005983876386572717,-1.5042333885029464,0.006820628066151774,-0.002123546790374853,-0.00556174023666551
"[-0.009999999999999998, -0.0049999999999999975, 0.035, 0.010000000000000005, 0.0050000000000000044, 0.17]",insertion,25336,58004702,0.029665573638122944,0.018147794819887153,0.06816467455313813,0.003205671082812056,-0.0032602053520586205,0.005510730100778878
"[-0.009999999999999998, -0.0049999999999999975, 0.035, 0.010000000000000005, 0.0050000000000000044, 0.17]",insertion,25336,62004702,-0.0100745561827566,-0.032418140301990306,-1.3313416980932544,-1.417421188055695,-0.005275271147281546,-0.02039392176254147
"[-0.009999999999999998, -0.0049999999999999975, 0.035, 0.010000000000000005, 0.0050000000000000044, 0.17]",insertion,25336,66004702,-0.004709528783814365,-0.023416494447420888,-1.6088688062774281,0.010152343127587393,-0.004434183526044189,-0.015548557703920624
"[-0.009999999999999998, -0.0049999999999999975, 0.035, 0.010000000000000005, 0.0050000000000000044, 0.17]",insertion,25336,70004702,-0.012070350135057695,-0.035673502392201684,-1.4178845950154368,-1.4167109980123804,-0.005311206020871206,-0.021648431974134758
"[-0.009999999999999998, -0.0049999999999999975, 0.035, 0.010000000000000005, 0.0050000000000000044, 0.17]",insertion,25336,74004702,0.03256387746759598,0.018826971559869676,0.2549091360523015,0.00329288159018451,-0.003459042239680299,0.007670981628805124
"[-0.009999999999999998, -0.0049999999999999975, 0.035, 0.010000000000000005, 0.0050000000000000044, 0.17]",insertion,25336,78004702,0.04203743813256888,0.031059803498825644,1.6148298491940736,0.0005055906841683888,-0.005755307829385048,0.013617991060933855
"[-0.009999999999999998, -0.0049999999999999975, 0.035, 0.010000000000000005, 0.0050000000000000044, 0.17]",insertion,25336,82004702,0.015032782920215093,0.003715909212543167,1.3106663409739276,0.004132807002574845,-0.010103762866809918,-0.0021586128933320584
"[-0.009999999999999998, -0.0049999999999999975, 0.035, 0.010000000000000005, 0.0050000000000000044, 0.17]",insertion,25336,86004702,0.014368884502119983,0.0031399275909151925,-0.15260631513471878,0.00587376508118978,-0.005885460282045063,-0.002872964451686958
"[-0.009999999999999998, -0.0049999999999999975, 0.035, 0.010000000000000005, 0.0050000000000000044, 0.17]",insertion,25336,90004702,0.029918654452670446,0.02018012498916022,0.0466341523460585,0.0038008282992005316,-0.0033727805458519944,0.006063828444991829
"[-0.009999999999999998, -0.0049999999999999975, 0.035, 0.010000000000000005, 0.0050000000000000044, 0.17]",insertion,25336,94004702,0.020866906951942932,0.011045567571342119,-0.05984125593682066,0.005093202951801823,-0.004827855538885983,0.0007800651077082823
"[-0.009999999999999998, -0.0049999999999999975, 0.035, 0.010000000000000005, 0.0050000000000000044, 0.17]",insertion,25336,98004702,0.011380367951688675,0.0011133888932413072,-0.15572891466523942,0.006481261466973004,-0.006357252457132034,-0.004744349848993713
"[-0.009999999999999998, -0.0049999999999999975, 0.035, 0.010000000000000005, 0.0050000000000000044, 0.17]",insertion,25336,102004702,0.010352513252961881,-0.0012072171487602645,-1.4806350675417193,0.00828188748776068,-0.0025649088937145237,-0.005708341763102273
"[-0.009999999999999998, -0.0049999999999999975, 0.035, 0.010000000000000005, 0.0050000000000000044, 0.17]",insertion,25336,106004702,0.03725082054368967,0.0289311343536216,1.3572177738704028,0.0018615120895129067,-0.005829476466526651,0.010717468761720847
"[-0.009999999999999998, -0.0049999999999999975, 0.035, 0.010000000000000005, 0.0050000000000000044, 0.17]",insertion,25336,110004702,0.010083769851429392,-0.0022085835165750467,-1.5062872210904246,0.008659338043723153,-0.0025425708852124806,-0.005800018235527626
"[-0.009999999999999998, -0.0049999999999999975, 0.035, 0.010000000000000005, 0.0050000000000000044, 0.17]",insertion,25336,114004702,-0.007971394272770216,-0.026263451233619506,-1.3205087491664749,-1.4167893146294324,-0.005354479913067589,-0.018313372891569465
"[-0.009999999999999998, -0.0049999999999999975, 0.035, 0.010000000000000005, 0.0050000000000000044, 0.17]",insertion,25336,118004702,-0.0014318342062115685,-0.0197945573101439,-1.1984915941262173,-1.4175558236820804,-0.0043326190770748285,-0.014703760533437502
"[-0.009999999999999998, -0.0049999999999999975, 0.035, 0.010000000000000005, 0.0050000000000000044, 0.17]",insertion,25336,122004702,0.01977403891642665,0.009549046197310673,1.4131222866298074,0.00448404388303264,-0.00945924164105938,0.0006552621186224445
"[-0.009999999999999998, -0.0049999999999999975, 0.035, 0.010000000000000005, 0.0050000000000000044, 0.17]",insertion,25336,126004702,0.0031953486383561325,-0.008517766891543488,-0.2227587302085574,0.008439123244370794,-0.00787465455356573,-0.009100213961578597
"[-0.009999999999999998, -0.0049999999999999975, 0.035, 0.010000000000000005, 0.0050000000000000044, 0.17]",insertion,25336,130004702,0.002148347962626307,-0.014207725278751582,-0.1051054469576087,-1.419065259318577,-0.0071662315400393695,-0.011793070423524364
"[-0.009999999999999998, -0.0049999999999999975, 0.035, 0.010000000000000005, 0.0050000000000000044, 0.17]",insertion,25336,134004702,0.0239017850699077,0.014023882591690295,0.06581445598178703,0.005669657906126363,-0.004954234393576784,0.003308333627148865
"[-0.009999999999999998, -0.0049999999999999975, 0.035, 0.010000000000000005, 0.0050000000000000044, 0.17]",insertion,25336,138004702,0.009347347862981747,-0.002804578026372795,-1.3344174597890301,0.009291381812008281,-0.0032871278233206347,-0.006010529781448386
"[-0.009999999999999998, -0.0049999999999999975, 0.035, 0.010000000000000005, 0.0050000000000000044, 0.17]",insertion,25336,142004702,0.012446663015308224,0.002169519600000669,0.0405274320295419,0.007316374643747375,-0.006991989890772765,-0.003535236045664277
"[-0.009999999999999998, -0.0049999999999999975, 0.035, 0.010000000000000005, 0.0050000000000000044, 0.17]",insertion,25336,146004702,0.010295817626072123,-0.00017358269307798935,-0.09061391705028754,0.007867926878098175,-0.006912085450851757,-0.004952877114451764
"[-0.009999999999999998, -0.0049999999999999975, 0.035, 0.010000000000000005, 0.0050000000000000044, 0.17]",insertion,25336,150004702,0.04274363596612879,0.03608624439257113,1.6124260412037046,0.001842429323115402,-0.006071160818713839,0.014910813492939153
"[-0.009999999999999998, -0.0049999999999999975, 0.035, 0.010000000000000005, 0.0050000000000000044, 0.17]",insertion,25336,154004702,0.013375647233327626,0.0037759688114249457,0.16090478405823205,0.007291244717312267,-0.007283993915238929,-0.0027504374674043913
"[-0.009999999999999998, -0.0049999999999999975, 0.035, 0.010000000000000005, 0.0050000000000000044, 0.17]",insertion,25336,158004702,0.02005137140741381,0.010610078319711391,0.12667386543557768,0.006651306883567576,-0.005777719618743404,0.0009588349570956089
"[-0.009999999999999998, -0.0049999999999999975, 0.035, 0.010000000000000005, 0.0050000000000000044, 0.17]",insertion,25336,162004702,0.020176378933010164,0.010731677348356783,0.1049983587289276,0.006757459782092856,-0.00571376197714879,0.0010710996911250294
"[-0.009999999999999998, -0.0049999999999999975, 0.035, 0.010000000000000005, 0.0050000000000000044, 0.17]",insertion,25336,166004702,0.028213097076573435,0.019122272927532435,0.21656045583002737,0.005759030601194065,-0.00445508275863471,0.005716550497354187
"[-0.009999999999999998, -0.0049999999999999975, 0.035, 0.010000000000000005, 0.0050000000000000044, 0.17]",insertion,25336,170004702,0.019909328191973552,0.010455363310295951,0.16476127437722354,0.006918588331338765,-0.005955358588351722,0.0009836851682948752
"[-0.009999999999999998, -0.0049999999999999975, 0.035, 0.010000000000000005, 0.0050000000000000044, 0.17]",insertion,25336,174004702,0.0076081541850877565,-0.003030406216808501,-0.020804059033679323,0.008841994574621481,-0.007597062347710182,-0.006487597332240613
"[-0.009999999999999998, -0.0049999999999999975, 0.035, 0.010000000000000005, 0.0050000000000000044, 0.17]",insertion,25336,178004702,0.020170063016474338,0.010812979645249854,0.007392082300693659,0.007249037597030689,-0.005484012803794958,0.0012340621267425784
"[-0.009999999999999998, -0.0049999999999999975, 0.035, 0.010000000000000005, 0.0050000000000000044, 0.17]",insertion,25336,182004702,0.0190820669679283,0.008603549815035194,-1.2345029678345583,0.008927982226256681,-0.0019415460993943423,0.00021518971608416176
"[-0.009999999999999998, -0.0049999999999999975, 0.035, 0.010000000000000005, 0.0050000000000000044, 0.17]",insertion,25336,186004702,-0.010799297944796116,-0.02778440244252245,-1.3854488038401982,-1.4146703342222282,-0.005873477911120473,-0.01942946790685395
"[-0.009999999999999998, -0.0049999999999999975, 0.035, 0.010000000000000005, 0.0050000000000000044, 0.17]",insertion,25336,190004702,0.0076712112095643215,-0.00259080292034497,-0.1236496772823017,0.009319135363176412,-0.007348662731175848,-0.006255578042410618
"[-0.009999999999999998, -0.0049999999999999975, 0.035, 0.010000000000000005, 0.0050000000000000044, 0.17]",insertion,25336,194004702,0.017873096251171117,0.008584190804771907,-0.07262198902967043,0.008047719086188315,-0.005619850141498461,-0.00011193442096511363
"[-0.009999999999999998, -0.0049999999999999975, 0.035, 0.010000000000000005, 0.0050000000000000044, 0.17]",insertion,25336,198004702,0.017129344539875135,0.0077984112972000474,-0.15133126509189765,0.008347028060954054,-0.005504997748037255,-0.0005825472387901614
"[-0.009999999999999998, -0.0049999999999999975, 0.035, 0.010000000000000005, 0.0050000000000000044, 0.17]",insertion,25336,202004702,0.00977365109425088,0.0003401221129735177,-0.21575185899729377,0.009391590812362793,-0.006846091022948642,-0.00466065171556231
"[-0.009999999999999998, -0.0049999999999999975, 0.035, 0.010000000000000005, 0.0050000000000000044, 0.17]",insertion,25336,206004702,0.0414380206912876,0.03547605861873748,1.4173134762072834,0.003585395531833735,-0.005921538984654973,0.014552769595282275
"[-0.009999999999999998, -0.0049999999999999975, 0.035, 0.010000000000000005, 0.0050000000000000044, 0.17]",insertion,25336,210004702,0.019535757323659142,0.011030772471734451,-0.06738483417780827,0.00819107071645464,-0.005496512643903162,0.0011887492298115815
"[-0.009999999999999998, -0.0049999999999999975, 0.035, 0.010000000000000005, 0.0050000000000000044, 0.17]",insertion,25336,214004702,0.06622024294756129,0.06487183927787754,4.440039715532443,-0.0029315445810823015,-0.01061118056365562,0.030380471910056484
"[-0.009999999999999998, -0.0049999999999999975, 0.035, 0.010000000000000005, 0.0050000000000000044, 0.17]",insertion,25336,218004702,0.016186404239605434,0.0073901035800858494,-0.24956766571515487,0.009085285425217804,-0.005441727500147486,-0.0009655652222095878
"[-0.009999999999999998, -0.0049999999999999975, 0.035, 0.010000000000000005, 0.0050000000000000044, 0.17]",insertion,25336,222004702,-0.009080968512110321,-0.0200871492283472,-1.6925233347566575,0.013941136099616724,-0.006124777774751178,-0.015787551410605012
"[-0.009999999999999998, -0.0049999999999999975, 0.035, 0.010000000000000005, 0.0050000000000000044, 0.17]",insertion,25336,226004702,0.028110890648707643,0.021361145473127507,1.2037691378229312,0.00610744320586204,-0.007704429014751213,0.006624412201233445
"[-0.009999999999999998, -0.0049999999999999975, 0.035, 0.010000000000000005, 0.0050000000000000044, 0.17]",insertion,25336,230004702,0.002540908408508402,-0.006395992187096411,-0.24639417875522085,0.011010519969703148,-0.008405826574171993,-0.008382977122414651
"[-0.009999999999999998, -0.0049999999999999975, 0.035, 0.010000000000000005, 0.0050000000000000044, 0.17]",insertion,25336,234004702,0.01938586737769138,0.011413848159515183,-0.14139917524741108,0.008930216478767905,-0.005427321422490472,0.0013616634312466477
"[-0.009999999999999998, -0.0049999999999999975, 0.035, 0.010000000000000005, 0.0050000000000000044, 0.17]",insertion,25336,238004702,0.0005765874632362444,-0.009455172022382996,-1.483238770148251,0.01292135936620542,-0.005019370502911236,-0.009933034324936382
"[-0.009999999999999998, -0.0049999999999999975, 0.035, 0.010000000000000005, 0.0050000000000000044, 0.17]",insertion,25336,242004702,-0.015240535927584509,-0.03133849321598525,-1.3440702996232083,-1.4126339982910028,-0.006793119910033729,-0.02168203866660411
"[-0.009999999999999998, -0.0049999999999999975, 0.035, 0.010000000000000005, 0.0050000000000000044, 0.17]",insertion,25336,246004702,0.0062536687485931775,-0.002496736508200925,-0.09358856494903733,0.010895798728136008,-0.007851684765387112,-0.006493807432184181
"[-0.009999999999999998, -0.0049999999999999975, 0.035, 0.010000000000000005, 0.0050000000000000044, 0.17]",insertion,25336,250004702,-0.012284086417310547,-0.027550445914966915,-1.3160284012169399,-1.4129331505712823,-0.006517553712009572,-0.0195746334504432
"[-0.009999999999999998, -0.0049999999999999975, 0.035, 0.010000000000000005, 0.0050000000000000044, 0.17]",insertion,25336,254004702,0.016405316081406884,0.008587804612982808,0.06519026672409467,0.009608433652792736,-0.0064799139239082315,-0.00039616253741298155
"[-0.009999999999999998, -0.0049999999999999975, 0.035, 0.010000000000000005, 0.0050000000000000044, 0.17]",insertion,25336,258004702,0.011074299039656621,0.003504924073817861,0.051795477296995074,0.01028005978630625,-0.007703148690409334,-0.003109478123406113
"[-0.009999999999999998, -0.0049999999999999975, 0.035, 0.010000000000000005, 0.0050000000000000044, 0.17]",insertion,25336,262004702,0.007206641163954919,-0.0019626943211132897,-1.3444907641929689,0.012545667745902211,-0.00404130137341685,-0.005990852578840509
"[-0.009999999999999998, -0.0049999999999999975, 0.035, 0.010000000000000005, 0.0050000000000000044, 0.17]",insertion,25336,266004702,0.028547047387201874,0.02215339792830129,0.1881173080381906,0.008192468957228971,-0.004754095662910518,0.007124309262847167
"[-0.009999999999999998, -0.0049999999999999975, 0.035, 0.010000000000000005, 0.0050000000000000044, 0.17]",insertion,25336,270004702,0.02002871775588938,0.014161666184284272,1.4266668819267707,0.007881933877877778,-0.01015820790266575,0.0025565122050814452
"[-0.009999999999999998, -0.0049999999999999975, 0.035, 0.010000000000000005, 0.0050000000000000044, 0.17]",insertion,25336,274004702,0.03694364936569389,0.03204430903071476,1.3494033691924088,0.0059827124116011154,-0.006615953386980955,0.012341159668318225
"[-0.009999999999999998, -0.0049999999999999975, 0.035, 0.010000000000000005, 0.0050000000000000044, 0.17]",insertion,25336,278004702,0.007288749958228036,-0.0016041839637424005,-1.5115137417362767,0.013117827844037255,-0.003593181053879735,-0.005734372303193378
"[-0.009999999999999998, -0.0049999999999999975, 0.035, 0.010000000000000005, 0.0050000000000000044, 0.17]",insertion,25336,282004702,0.015040309391623485,0.007429761660104006,-0.18845239357408872,0.010787287718408534,-0.0060258512224805605,-0.0010087081583560736
"[-0.009999999999999998, -0.0049999999999999975, 0.035, 0.010000000000000005, 0.0050000000000000044, 0.17]",insertion,25336,286004702,0.005093952972344551,-0.003963108291115347,-1.5138852691923397,0.013660762553353356,-0.003871889202444856,-0.00709507309049186
"[-0.009999999999999998, -0.0049999999999999975, 0.035, 0.010000000000000005, 0.0050000000000000044, 0.17]",insertion,25336,290004702,0.027666864684092685,0.021755519399027534,0.07379389014558768,0.009009594964289713,-0.004485968259029027,0.006849398452648799
"[-0.009999999999999998, -0.0049999999999999975, 0.035, 0.010000000000000005, 0.0050000000000000044, 0.17]",insertion,25336,294004702,0.0059099458357315116,-0.002517064922743728,-1.441478074942232,0.013634068415397549,-0.0038932453813175227,-0.006398059047027125
"[-0.009999999999999998, -0.0049999999999999975, 0.035, 0.010000000000000005, 0.0050000000000000044, 0.17]",insertion,25336,298004702,-0.0035735441210195673,-0.01602567287954315,-0.019747400328611775,-1.4143378110540197,-0.008796127653763586,-0.013585350224686373
"[-0.009999999999999998, -0.0049999999999999975, 0.035, 0.010000000000000005, 0.0050000000000000044, 0.17]",insertion,25336,302004702,0.020464176076259943,0.014941459723258887,0.12795072070287716,0.01006566428177258,-0.006119326641827572,0.0030201109635448822
"[-0.009999999999999998, -0.0049999999999999975, 0.035, 0.010000000000000005, 0.0050000000000000044, 0.17]",insertion,25336,306004702,0.038684275869891815,0.03543466692394759,1.6436223332100681,0.0061406866674428295,-0.0071819601110336695,0.014015389115867059
"[-0.009999999999999998, -0.0049999999999999975, 0.035, 0.010000000000000005, 0.0050000000000000044, 0.17]",insertion,25336,310004702,0.02834379170409812,0.024343691984052285,1.4805941802727105,0.007745285885838338,-0.008628601324437435,0.007900163939552937
"[-0.009999999999999998, -0.0049999999999999975, 0.035, 0.010000000000000005, 0.0050000000000000044, 0.17]",insertion,25336,314004702,0.016749094918454388,0.01079326479974796,-0.1396956845760684,0.01120823382573144,-0.005826762913540229,0.0006503474582042314
"[-0.009999999999999998, -0.0049999999999999975, 0.035, 0.010000000000000005, 0.0050000000000000044, 0.17]",insertion,25336,318004702,0.006462532381868946,-0.0011622889954434612,-1.4693392706729043,0.01415084141491374,-0.003722903763377361,-0.005666746980097728
"[-0.009999999999999998, -0.0049999999999999975, 0.035, 0.010000000000000005, 0.0050000000000000044, 0.17]",insertion,25336,322004702,0.03338410810740383,0.029106506246419528,1.3644938573542689,0.007681255556217376,-0.007184479212357986,0.010536945122000301
"[-0.009999999999999998, -0.0049999999999999975, 0.035, 0.010000000000000005, 0.0050000000000000044, 0.17]",insertion,25336,326004702,0.014675657295559252,0.008354462649142746,-0.22769084203470413,0.01194304235356175,-0.006024978584839191,-0.0006381420478801135
"[-0.009999999999999998, -0.0049999999999999975, 0.035, 0.010000000000000005, 0.0050000000000000044, 0.17]",insertion,25336,330004702,-0.0037464436589417227,-0.012079988260552454,-1.6654300068136152,0.01600206496392842,-0.005232329440584049,-0.011616663028132688
"[-0.009999999999999998, -0.0049999999999999975, 0.035, 0.010000000000000005, 0.0050000000000000044, 0.17]",insertion,25336,334004702,0.02033901347155781,0.015193005859259756,0.07375875577390545,0.010965985318217908,-0.006225994503407883,0.003238619800872062
"[-0.009999999999999998, -0.0049999999999999975, 0.035, 0.010000000000000005, 0.0050000000000000044, 0.17]",insertion,25336,338004702,0.016892858768248975,0.011343394577455257,0.07020556074229489,0.011568087562437823,-0.006700317002566125,0.0009713717147016776
"[-0.009999999999999998, -0.0049999999999999975, 0.035, 0.010000000000000005, 0.0050000000000000044, 0.17]",insertion,25336,342004702,0.019606700849074177,0.014781917090841645,0.19333463101188997,0.01109407183410066,-0.006732537454716692,0.0028441994378694043
"[-0.009999999999999998, -0.0049999999999999975, 0.035, 0.010000000000000005, 0.0050000000000000044, 0.17]",insertion,25336,346004702,-0.0010376516437241023,-0.00724139585507011,-0.0024277151169300737,0.014043411344244583,-0.009989317602376424,-0.009326445112575868
"[-0.009999999999999998, -0.0049999999999999975, 0.035, 0.010000000000000005, 0.0050000000000000044, 0.17]",insertion,25336,350004702,0.018368077456852927,0.01003009115249398,1.674377616037063,-1.4178808440346162,-0.010200515370165975,0.0004288772586481405
"[-0.009999999999999998, -0.0049999999999999975, 0.035, 0.010000000000000005, 0.0050000000000000044, 0.17]",insertion,25336,354004702,-0.015267194183828603,-0.028324545551372537,-1.2981481860006063,-1.4100292375451517,-0.007340946550939309,-0.020302571896536996
"[-0.009999999999999998, -0.0049999999999999975, 0.035, 0.010000000000000005, 0.0050000000000000044, 0.17]",insertion,25336,358004702,0.014475606397459095,0.009142559605745504,0.07818283651542046,0.01234657881648521,-0.007092093564337154,-0.0004105854269172548
"[-0.009999999999999998, -0.0049999999999999975, 0.035, 0.010000000000000005, 0.0050000000000000044, 0.17]",insertion,25336,362004702,0.03794336387495628,0.03569475759580598,1.6108722234456678,0.007623344189173542,-0.007491310900860637,0.014064368406225883
"[-0.009999999999999998, -0.0049999999999999975, 0.035, 0.010000000000000005, 0.0050000000000000044, 0.17]",insertion,25336,366004702,-0.0022910147553374394,-0.00932447998896535,-1.352759568615138,0.01623071985333563,-0.006064902233399505,-0.010221986275634982
"[-0.009999999999999998, -0.0049999999999999975, 0.035, 0.010000000000000005, 0.0050000000000000044, 0.17]",insertion,25336,370004702,0.0018758501687274332,-0.005517704184063277,-1.4846521233593961,0.016080842777892956,-0.004596127225423796,-0.00823048981745985
"[-0.009999999999999998, -0.0049999999999999975, 0.035, 0.010000000000000005, 0.0050000000000000044, 0.17]",insertion,25336,374004702,0.011213677832153879,0.005346302090327271,-0.18343571069552667,0.013535336103939477,-0.006766230426662689,-0.002445829601699762
"[-0.009999999999999998, -0.0049999999999999975, 0.035, 0.010000000000000005, 0.0050000000000000044, 0.17]",insertion,25336,378004702,-0.01777808874511838,-0.030889937356070263,-1.6069749587051874,-1.408705449757365,-0.006736333368641545,-0.021610494277730825
"[-0.009999999999999998, -0.0049999999999999975, 0.035, 0.010000000000000005, 0.0050000000000000044, 0.17]",insertion,25336,382004702,0.03871982664724344,0.036852480332365545,1.516314172608844,0.008120467302334067,-0.007203659126420958,0.01481165087136192
"[-0.009999999999999998, -0.0049999999999999975, 0.035, 0.010000000000000005, 0.0050000000000000044, 0.17]",insertion,25336,386004702,0.006643051851167092,0.0012858923086138674,-0.02785360292379835,0.014116370885544405,-0.008550721729010169,-0.0045907676748361765
"[-0.009999999999999998, -0.0049999999999999975, 0.035, 0.010000000000000005, 0.0050000000000000044, 0.17]",insertion,25336,390004702,0.015580514865782324,0.011024660220121163,-0.11038044158448201,0.01316388348560149,-0.006591875175610218,0.000660326510799906
"[-0.009999999999999998, -0.0049999999999999975, 0.035, 0.010000000000000005, 0.0050000000000000044, 0.17]",insertion,25336,394004702,0.008949833290001874,0.004425943306104685,-0.06348846581913392,0.01398047210336617,-0.008173754824309487,-0.00290635373843947
"[-0.009999999999999998, -0.0049999999999999975, 0.035, 0.010000000000000005, 0.0050000000000000044, 0.17]",insertion,25336,398004702,0.025738302459820228,0.022151667897977845,0.0045646109815074,0.011925427369313346,-0.005094348809900007,0.006718701945634848
"[-0.009999999999999998, -0.0049999999999999975, 0.035, 0.010000000000000005, 0.0050000000000000044, 0.17]",insertion,25336,402004702,0.03474277912505114,0.03268139152588212,1.4378180549063941,0.00927716840925602,-0.0077063953703652155,0.012263227688213668
"[-0.009999999999999998, -0.0049999999999999975, 0.035, 0.010000000000000005, 0.0050000000000000044, 0.17]",insertion,25336,406004702,-0.01220572141387355,-0.019015878215382642,-1.491720479314207,0.01862826453766403,-0.007829727738182801,-0.015631725655433186
"[-0.009999999999999998, -0.0049999999999999975, 0.035, 0.010000000000000005, 0.0050000000000000044, 0.17]",insertion,25336,410004702,-0.006661702462293695,-0.013481134929834937,-1.7024908063452706,0.018353071949263167,-0.005939752530535136,-0.01270224756802222
"[-0.009999999999999998, -0.0049999999999999975, 0.035, 0.010000000000000005, 0.0050000000000000044, 0.17]",insertion,25336,414004702,0.03500041558995487,0.033214235316124885,1.3361414125582698,0.00966055425922091,-0.007428312597997588,0.012574489319392323
"[-0.009999999999999998, -0.0049999999999999975, 0.035, 0.010000000000000005, 0.0050000000000000044, 0.17]",insertion,25336,418004702,-0.015032023950419915,-0.026730285507117202,-1.3884304387160995,-1.4083737073886868,-0.007357447110136417,-0.01937611822241312
"[-0.009999999999999998, -0.0049999999999999975, 0.035, 0.010000000000000005, 0.0050000000000000044, 0.17]",insertion,25336,422004702,0.03485945979419647,0.03328112010376927,1.5501596687507657,0.009645567582014902,-0.008069213833619804,0.012595166462569245
"[-0.009999999999999998, -0.0049999999999999975, 0.035, 0.010000000000000005, 0.0050000000000000044, 0.17]",insertion,25336,426004702,-0.009423655182754398,-0.016316693122339743,-1.756763995517943,0.019244052068846218,-0.006131773781740679,-0.014304419827376277
"[-0.009999999999999998, -0.0049999999999999975, 0.035, 0.010000000000000005, 0.0050000000000000044, 0.17]",insertion,25336,430004702,0.0160835627378888,0.012609753389144274,-0.11181714496377282,0.014103099440667344,-0.006640627123766452,0.0014942665046634458
"[-0.009999999999999998, -0.0049999999999999975, 0.035, 0.010000000000000005, 0.0050000000000000044, 0.17]",insertion,25336,434004702,0.036957255083993445,0.03608141760143724,1.4861683498321199,0.009705056389272049,-0.007631205550336806,0.01416257765874367
"[-0.009999999999999998, -0.0049999999999999975, 0.035, 0.010000000000000005, 0.0050000000000000044, 0.17]",insertion,25336,438004702,0.04507190580040804,0.0455375644578222,2.789473320541429,0.007337164538178731,-0.009979073577511599,0.019077948188324704
"[-0.009999999999999998, -0.0049999999999999975, 0.035, 0.010000000000000005, 0.0050000000000000044, 0.17]",insertion,25336,442004702,0.0058188083163905335,0.0018841241003801912,-0.21256667021687292,0.015843771283058417,-0.008312688979756233,-0.004422849572429883
"[-0.009999999999999998, -0.0049999999999999975, 0.035, 0.010000000000000005, 0.0050000000000000044, 0.17]",insertion,25336,446004702,0.034164848925546,0.03306563272245633,1.2937084597681832,0.01064807505939408,-0.007523474725017132,0.012413703549075783
"[-0.009999999999999998, -0.0049999999999999975, 0.035, 0.010000000000000005, 0.0050000000000000044, 0.17]",insertion,25336,450004702,0.015467374270131895,0.0122311116706868,-0.14872736687671306,0.01476051096012232,-0.006814232603934878,0.0012444639072471007
"[-0.009999999999999998, -0.0049999999999999975, 0.035, 0.010000000000000005, 0.0050000000000000044, 0.17]",insertion,25336,454004702,0.004555025186434469,0.0005665753582526634,-0.3272228282448637,0.01648770301491409,-0.00828919929969385,-0.005168951971089082
"[-0.009999999999999998, -0.0049999999999999975, 0.035, 0.010000000000000005, 0.0050000000000000044, 0.17]",insertion,25336,458004702,0.051375249017214686,0.05361754480122194,3.0410174982086104,0.006677319830483808,-0.010079984903577643,0.02359628387419661
"[-0.009999999999999998, -0.0049999999999999975, 0.035, 0.010000000000000005, 0.0050000000000000044, 0.17]",insertion,25336,462004702,3.5528404165208194e-05,-0.004667137810423938,-0.18036038362372864,0.017229922992162083,-0.00939643811479507,-0.00814514432308938
"[-0.009999999999999998, -0.0049999999999999975, 0.035, 0.010000000000000005, 0.0050000000000000044, 0.17]",insertion,25336,466004702,0.03426381829617908,0.03374627047300116,1.427731165458681,0.01099749019471763,-0.008084059543492783,0.012696832062553693
"[-0.009999999999999998, -0.0049999999999999975, 0.035, 0.010000000000000005, 0.0050000000000000044, 0.17]",insertion,25336,470004702,-0.005606807110038248,-0.014317115770921873,-0.047921328160065,-1.4097619987991674,-0.009917622678623839,-0.012935065725635811
"[-0.009999999999999998, -0.0049999999999999975, 0.035, 0.010000000000000005, 0.0050000000000000044, 0.17]",insertion,25336,474004702,0.014826290546579413,0.012238052768660523,-0.018282928415843003,0.01531093966132846,-0.007436986572747162,0.001115850344517032
"[-0.009999999999999998, -0.0049999999999999975, 0.035, 0.010000000000000005, 0.0050000000000000044, 0.17]",insertion,25336,478004702,0.03333699520027894,0.03284662564220575,1.4219487536076159,0.011447304985849727,-0.008267471784335068,0.012156565145673315
"[-0.009999999999999998, -0.0049999999999999975, 0.035, 0.010000000000000005, 0.0050000000000000044, 0.17]",insertion,25336,482004702,0.035979193201741866,0.03609946782973594,1.4732132379289986,0.011086650599070103,-0.008082992310014081,0.013993919811612996
"[-0.009999999999999998, -0.0049999999999999975, 0.035, 0.010000000000000005, 0.0050000000000000044, 0.17]",insertion,25336,486004702,0.0026785800673839733,-0.0016854333410822875,-1.5434652755863034,0.01895070218934769,-0.004962199886675123,-0.006328615015133935
"[-0.009999999999999998, -0.0049999999999999975, 0.035, 0.010000000000000005, 0.0050000000000000044, 0.17]",insertion,25336,490004702,0.0320731564125904,0.03160081973823026,1.2152273362700612,0.012188598965310604,-0.007777295491802949,0.011488205428793686
"[-0.009999999999999998, -0.0049999999999999975, 0.035, 0.010000000000000005, 0.0050000000000000044, 0.17]",insertion,25336,494004702,-0.006611966487317378,-0.01140785502356323,-1.7380965524874696,0.02057483496992607,-0.006185010662967172,-0.011560503132311835
"[-0.009999999999999998, -0.0049999999999999975, 0.035, 0.010000000000000005, 0.0050000000000000044, 0.17]",insertion,25336,498004702,0.03603469092184325,0.036535356206226055,1.4382508125573352,0.011558817253973508,-0.007956655508643884,0.01429950369528642
"[-0.009999999999999998, -0.0049999999999999975, 0.035, 0.010000000000000005, 0.0050000000000000044, 0.17]",insertion,25336,502004702,0.034854458660152854,0.03518291755961478,1.3709346754510143,0.011917768150985775,-0.00794607571906314,0.013495850471451402
"[-0.009999999999999998, -0.0049999999999999975, 0.035, 0.010000000000000005, 0.0050000000000000044, 0.17]",insertion,25336,506004702,0.01416747564644838,0.012233028929701462,-0.09809401520989525,0.016343104498084182,-0.007366990120429184,0.0011040879311401373
"[-0.009999999999999998, -0.0049999999999999975, 0.035, 0.010000000000000005, 0.0050000000000000044, 0.17]",insertion,25336,510004702,0.0031276583459459717,-0.0006513146470386033,-1.4423539870338473,0.019406293905840144,-0.005419222927975698,-0.005781993342559246
"[-0.009999999999999998, -0.0049999999999999975, 0.035, 0.010000000000000005, 0.0050000000000000044, 0.17]",insertion,25336,514004702,0.014027381768656477,0.012232240057565846,0.09520103212966546,0.016337396085917666,-0.008087513117475686,0.00103251373924222
"[-0.009999999999999998, -0.0049999999999999975, 0.035, 0.010000000000000005, 0.0050000000000000044, 0.17]",insertion,25336,518004702,-7.124521076218304e-05,-0.004172387418842405,-1.4410532087888512,0.0200651384609295,-0.005904032042084784,-0.007849041108944705
"[-0.009999999999999998, -0.0049999999999999975, 0.035, 0.010000000000000005, 0.0050000000000000044, 0.17]",insertion,25336,522004702,0.011251850185582113,0.009146515644610886,-0.029512914079106167,0.01708010213373473,-0.008130050548676993,-0.0007449859021454444
"[-0.009999999999999998, -0.0049999999999999975, 0.035, 0.010000000000000005, 0.0050000000000000044, 0.17]",insertion,25336,526004702,0.03300036771651499,0.033800279715642034,1.527491495332363,0.012569982773986577,-0.008856547931936465,0.012555613441792325
"[-0.009999999999999998, -0.0049999999999999975, 0.035, 0.010000000000000005, 0.0050000000000000044, 0.17]",insertion,25336,530004702,0.0025277860367442506,-0.0009025796055137647,-1.3949854734049971,0.019910993987905246,-0.005751354653191432,-0.005967639674527849
"[-0.009999999999999998, -0.0049999999999999975, 0.035, 0.010000000000000005, 0.0050000000000000044, 0.17]",insertion,25336,534004702,0.02745214277618596,0.028431046299221663,1.6513341680309495,0.013239538500531833,-0.010544543365275993,0.009753181123497438
"[-0.009999999999999998, -0.0049999999999999975, 0.035, 0.010000000000000005, 0.0050000000000000044, 0.17]",insertion,25336,538004702,0.012651515861383522,0.011021847335126012,-0.027944620755107508,0.017247060151198756,-0.008025932664803892,0.00035117491988584035
"[-0.009999999999999998, -0.0049999999999999975, 0.035, 0.010000000000000005, 0.0050000000000000044, 0.17]",insertion,25336,542004702,0.01039956335891512,0.008396504401769533,-0.23531855623378561,0.017926946612052963,-0.007717287252038352,-0.001089321784036125
"[-0.009999999999999998, -0.0049999999999999975, 0.035, 0.010000000000000005, 0.0050000000000000044, 0.17]",insertion,25336,546004702,0.02244220906375466,0.022465069925463155,1.1411790453782764,0.01490475797802876,-0.009704585522744114,0.006487096749520687
"[-0.009999999999999998, -0.0049999999999999975, 0.035, 0.010000000000000005, 0.0050000000000000044, 0.17]",insertion,25336,550004702,-0.020399893134589453,-0.029913966664224745,-1.742980357815938,-1.4037897780141244,-0.007617482852979807,-0.0212606316801884
"[-0.009999999999999998, -0.0049999999999999975, 0.035, 0.010000000000000005, 0.0050000000000000044, 0.17]",insertion,25336,554004702,-0.009412074891580302,-0.017023731765542394,-0.22742281851449775,-1.4068195250383417,-0.010215293567165551,-0.014410820931207675
"[-0.009999999999999998, -0.0049999999999999975, 0.035, 0.010000000000000005, 0.0050000000000000044, 0.17]",insertion,25336,558004702,0.03743889085926727,0.03967209480642708,1.514109540158472,0.012752436993220095,-0.008289135938036374,0.01592692756697969
"[-0.009999999999999998, -0.0049999999999999975, 0.035, 0.010000000000000005, 0.0050000000000000044, 0.17]",insertion,25336,562004702,0.012893188743470785,0.012020483628417011,-0.004196453904519615,0.017824535418066723,-0.008099772614565848,0.000872569470056238
"[-0.009999999999999998, -0.0049999999999999975, 0.035, 0.010000000000000005, 0.0050000000000000044, 0.17]",insertion,25336,566004702,0.007597870507776494,0.005914995727563266,-0.23229585441474399,0.018972672850309624,-0.008151434110873823,-0.0026325842853494527
"[-0.009999999999999998, -0.0049999999999999975, 0.035, 0.010000000000000005, 0.0050000000000000044, 0.17]",insertion,25336,570004702,0.013983668406091943,0.013642511481387842,-0.01798024107749896,0.017861564257391493,-0.007962503467191961,0.0017016688842003405
"[-0.009999999999999998, -0.0049999999999999975, 0.035, 0.010000000000000005, 0.0050000000000000044, 0.17]",insertion,25336,574004702,0.01293041104625986,0.012455612644357572,0.009685827644091205,0.018084831471230467,-0.008257065475771541,0.001016191487233543
"[-0.009999999999999998, -0.0049999999999999975, 0.035, 0.010000000000000005, 0.0050000000000000044, 0.17]",insertion,25336,578004702,-0.0009432648655730014,-0.003782760039131361,-1.4972348196160858,0.02176280584531709,-0.006131697025927529,-0.007708376627824505
"[-0.009999999999999998, -0.0049999999999999975, 0.035, 0.010000000000000005, 0.0050000000000000044, 0.17]",insertion,25336,582004702,0.011789918843219171,0.011144925597459832,-0.16693394566277675,0.01866544201611864,-0.007923879221681474,0.0003133824267293637
"[-0.009999999999999998, -0.0049999999999999975, 0.035, 0.010000000000000005, 0.0050000000000000044, 0.17]",insertion,25336,586004702,-0.0013349883649932948,-0.00418046642056602,-1.7261248332506867,0.022302066315070146,-0.005528025986684337,-0.007847474941026368
"[-0.009999999999999998, -0.0049999999999999975, 0.035, 0.010000000000000005, 0.0050000000000000044, 0.17]",insertion,25336,590004702,0.013218486282974562,0.012886208859974602,-0.09108701289844845,0.0186034368532369,-0.007997756004405443,0.0014007867739027338
"[-0.009999999999999998, -0.0049999999999999975, 0.035, 0.010000000000000005, 0.0050000000000000044, 0.17]",insertion,25336,594004702,0.01064133025933206,0.0098417534507238,-0.050783250597554286,0.01906071104230711,-0.008497108314568846,-0.0003152326052396166
"[-0.009999999999999998, -0.0049999999999999975, 0.035, 0.010000000000000005, 0.0050000000000000044, 0.17]",insertion,25336,598004702,0.013112089091530332,0.013033030400675827,0.10111665553184679,0.018593052743691996,-0.008641545838999676,0.0014257193620177628
"[-0.009999999999999998, -0.0049999999999999975, 0.035, 0.010000000000000005, 0.0050000000000000044, 0.17]",insertion,25336,602004702,0.011601410207800311,0.011397499883631923,-0.0252144759520192,0.019045020618285446,-0.008488116427556092,0.00044985833665490017
"[-0.009999999999999998, -0.0049999999999999975, 0.035, 0.010000000000000005, 0.0050000000000000044, 0.17]",insertion,25336,606004702,0.02088075942748724,0.022223419272952682,1.2789393778258749,0.016501499913091577,-0.010676631347941057,0.0061283257937499525
"[-0.009999999999999998, -0.0049999999999999975, 0.035, 0.010000000000000005, 0.0050000000000000044, 0.17]",insertion,25336,610004702,0.010378595647171807,0.010269957751070535,-0.1719213657024099,0.019595493569131484,-0.008159874971030656,-0.0001953498045232432
"[-0.009999999999999998, -0.0049999999999999975, 0.035, 0.010000000000000005, 0.0050000000000000044, 0.17]",insertion,25336,614004702,0.012451755424217892,0.012765166309399945,-0.09136071057427131,0.019300981183619115,-0.008135474302140455,0.0012256631386554076
"[-0.009999999999999998, -0.0049999999999999975, 0.035, 0.010000000000000005, 0.0050000000000000044, 0.17]",insertion,25336,619004702,-0.012500616698687628,-0.020003027563493703,-1.4259406563167936,-1.4033991894935212,-0.007347390928973407,-0.016047528825138754
"[-0.009999999999999998, -0.0049999999999999975, 0.035, 0.010000000000000005, 0.0050000000000000044, 0.17]",insertion,25336,622004702,0.0011108774481952133,-0.0038627231465788725,0.1320750862637965,-1.4069070790410558,-0.009711315634957862,-0.007409163264657133
"[-0.009999999999999998, -0.0049999999999999975, 0.035, 0.010000000000000005, 0.0050000000000000044, 0.17]",insertion,25336,626004702,-0.02850230885210353,-0.03637200675912311,-1.5292907035378285,-1.401125549733444,-0.010283781628951494,-0.024915003124780424
"[-0.009999999999999998, -0.0049999999999999975, 0.035, 0.010000000000000005, 0.0050000000000000044, 0.17]",insertion,25336,630004702,-0.011386811721112944,-0.013785515237437096,-1.6293197726131972,0.024590506497548348,-0.007847936028483327,-0.013140529941634043
"[-0.009999999999999998, -0.0049999999999999975, 0.035, 0.010000000000000005, 0.0050000000000000044, 0.17]",insertion,25336,634004702,0.002017287894133024,0.0019630407701889396,-0.16676360208652596,0.021238864157710147,-0.009983589261168713,-0.004685698737927957
"[-0.009999999999999998, -0.0049999999999999975, 0.035, 0.010000000000000005, 0.0050000000000000044, 0.17]",insertion,25336,638004702,0.014699703905451889,0.01590595169885134,0.036719462317307716,0.0194131843606839,-0.008391668271723884,0.002966262998970349
"[-0.009999999999999998, -0.0049999999999999975, 0.035, 0.010000000000000005, 0.0050000000000000044, 0.17]",insertion,25336,642004703,0.015166039056226321,0.017556144487903325,1.4323149800063462,0.01786589541508876,-0.01256030825510357,0.003659207118453296
"[-0.009999999999999998, -0.0049999999999999975, 0.035, 0.010000000000000005, 0.0050000000000000044, 0.17]",insertion,25336,646004703,0.009493933488273543,0.00985840154374884,-0.07211221381255228,0.020522154177973095,-0.008815385311220392,-0.0004542834424007855
"[-0.009999999999999998, -0.0049999999999999975, 0.035, 0.010000000000000005, 0.0050000000000000044, 0.17]",insertion,25336,650004703,0.03294019164071449,0.03646521119967083,1.5119092892043398,0.0157204022635265,-0.009404327947479474,0.013879525565272562
"[-0.009999999999999998, -0.0049999999999999975, 0.035, 0.010000000000000005, 0.0050000000000000044, 0.17]",insertion,25336,654004703,0.01199430197143947,0.013021069409692387,0.10719332986392871,0.020131045484250543,-0.009061690104824383,0.0013125322452249644
"[-0.009999999999999998, -0.0049999999999999975, 0.035, 0.010000000000000005, 0.0050000000000000044, 0.17]",insertion,25336,658004703,0.04606251030195058,0.05225822328696772,3.1546446370281735,0.012263734493284106,-0.012101584282406264,0.022271244279209384
"[-0.009999999999999998, -0.0049999999999999975, 0.035, 0.010000000000000005, 0.0050000000000000044, 0.17]",insertion,25336,662004703,0.010929655641154723,0.011933371105090629,0.05202952470703792,0.020525051673396855,-0.009085829372672105,0.0006513700911008899
"[-0.009999999999999998, -0.0049999999999999975, 0.035, 0.010000000000000005, 0.0050000000000000044, 0.17]",insertion,25336,666004703,-0.028319904239469673,-0.03537223659744271,-1.4686667956779793,-1.4002585447283749,-0.01069602041070905,-0.024348695356958716
"[-0.009999999999999998, -0.0049999999999999975, 0.035, 0.010000000000000005, 0.0050000000000000044, 0.17]",insertion,25336,670004703,0.044096618099101315,0.04998629367998397,3.01566038268243,0.013013666977641503,-0.011992085027384136,0.021023331968798735
"[-0.009999999999999998, -0.0049999999999999975, 0.035, 0.010000000000000005, 0.0050000000000000044, 0.17]",insertion,25336,674004703,0.02193566328908858,0.02513425709475925,1.3604035369293328,0.01789168382139833,-0.010976481368207502,0.007684418939604402
"[-0.009999999999999998, -0.0049999999999999975, 0.035, 0.010000000000000005, 0.0050000000000000044, 0.17]",insertion,25336,678004703,0.0037277920466226577,0.004907417622320054,-0.1188247671827547,0.021979904274403106,-0.010032015576771358,-0.0030258738643241315
"[-0.009999999999999998, -0.0049999999999999975, 0.035, 0.010000000000000005, 0.0050000000000000044, 0.17]",insertion,25336,682004703,0.0098669091161252,0.0075136474892723015,1.3787597725810379,-1.4079476720036141,-0.012026523882322837,-0.0014043278371961357
"[-0.009999999999999998, -0.0049999999999999975, 0.035, 0.010000000000000005, 0.0050000000000000044, 0.17]",insertion,25336,686004703,0.007919761568868422,0.008807616258737383,-0.23639759927824855,0.021913776522237027,-0.008630710027878852,-0.0010049120951282344
"[-0.009999999999999998, -0.0049999999999999975, 0.035, 0.010000000000000005, 0.0050000000000000044, 0.17]",insertion,25336,690004703,0.00020941435554028276,-3.479491432401005e-05,-1.5333645268625133,0.024424839156562628,-0.006299653179651421,-0.0055570109852859356
"[-0.009999999999999998, -0.0049999999999999975, 0.035, 0.010000000000000005, 0.0050000000000000044, 0.17]",insertion,25336,694004703,-9.629583220560622e-05,-0.0003025705607235807,-1.3643023880099108,0.02438154210870136,-0.006881533461942091,-0.005741074717662262
"[-0.009999999999999998, -0.0049999999999999975, 0.035, 0.010000000000000005, 0.0050000000000000044, 0.17]",insertion,25336,698004703,-0.017322172989475082,-0.017160820746958905,-0.14324752373223504,0.025252905189500185,-0.013984827366059993,-0.015100802128815292
"[-0.009999999999999998, -0.0049999999999999975, 0.035, 0.010000000000000005, 0.0050000000000000044, 0.17]",insertion,25336,702004703,0.04031081194184277,0.046287740906462815,2.7368516260990035,0.014688766122967933,-0.01179349016931186,0.018845346767592065
"[-0.009999999999999998, -0.0049999999999999975, 0.035, 0.010000000000000005, 0.0050000000000000044, 0.17]",insertion,25336,706004703,-0.018364006361673957,-0.02377796037515445,-1.4786146444912447,-1.4005310493797745,-0.008943597482062748,-0.018041062978202106
"[-0.009999999999999998, -0.0049999999999999975, 0.035, 0.010000000000000005, 0.0050000000000000044, 0.17]",insertion,25336,710004703,0.011276932922907212,0.013483772256499549,0.07181692215354474,0.021644884491719363,-0.009275557506421062,0.0015149119874249195
"[-0.009999999999999998, -0.0049999999999999975, 0.035, 0.010000000000000005, 0.0050000000000000044, 0.17]",insertion,25336,714004703,0.009716791798424051,0.011641630489030774,-0.04459589235629835,0.02211108268810208,-0.009164508142380123,0.0004650312963098381
"[-0.009999999999999998, -0.0049999999999999975, 0.035, 0.010000000000000005, 0.0050000000000000044, 0.17]",insertion,25336,718004703,0.017955966002198787,0.02036116640079122,0.004798010189716706,0.021123130763285092,-0.00769830738440469,0.005161746983576298
"[-0.009999999999999998, -0.0049999999999999975, 0.035, 0.010000000000000005, 0.0050000000000000044, 0.17]",insertion,25336,722004703,0.01033668129342169,0.012571494636956615,0.025192857245265543,0.022134806898195414,-0.009332176401884218,0.000997100758849282
"[-0.009999999999999998, -0.0049999999999999975, 0.035, 0.010000000000000005, 0.0050000000000000044, 0.17]",insertion,25336,726004703,-0.003483493362122836,-0.003619064402816008,-1.4872898605629103,0.025813241972147793,-0.007175813357542249,-0.0076594285459925335
"[-0.009999999999999998, -0.0049999999999999975, 0.035, 0.010000000000000005, 0.0050000000000000044, 0.17]",insertion,25336,730004703,0.007113286032741861,0.00879027407996169,-0.17313606987359975,0.023053580596326118,-0.00921619621748726,-0.0011023523914396142
"[-0.009999999999999998, -0.0049999999999999975, 0.035, 0.010000000000000005, 0.0050000000000000044, 0.17]",insertion,25336,734004703,-0.0012387067323379464,-0.0006971308894669903,-1.6049129061395355,0.025809267119174695,-0.006456506742724022,-0.005997065083367808
"[-0.009999999999999998, -0.0049999999999999975, 0.035, 0.010000000000000005, 0.0050000000000000044, 0.17]",insertion,25336,738004703,-0.03633401092695343,-0.04321564301158176,-1.8831593689072648,-1.3967372626166297,-0.01073281013708649,-0.028666448772037428
"[-0.009999999999999998, -0.0049999999999999975, 0.035, 0.010000000000000005, 0.0050000000000000044, 0.17]",insertion,25336,742004703,0.0009203232944706152,0.0029631355120898206,-0.36243559153860616,0.02432492351172566,-0.009957863701386627,-0.004106971636607149
"[-0.009999999999999998, -0.0049999999999999975, 0.035, 0.010000000000000005, 0.0050000000000000044, 0.17]",insertion,25336,746004703,-0.010035248939809949,-0.008718299701795829,-0.49393416260791057,0.026028511573206625,-0.011581409603649617,-0.010455479480807637
"[-0.009999999999999998, -0.0049999999999999975, 0.035, 0.010000000000000005, 0.0050000000000000044, 0.17]",insertion,25336,750004703,0.043226106085362315,0.05063987032309569,2.7460285930002897,0.015523159019765642,-0.011610338488184158,0.021356707984320992
"[-0.009999999999999998, -0.0049999999999999975, 0.035, 0.010000000000000005, 0.0050000000000000044, 0.17]",insertion,25336,754004703,-0.02900760137417252,-0.03407384477136688,-1.701976625379416,-1.3976011362061187,-0.01040387858241476,-0.023583977956112293
"[-0.009999999999999998, -0.0049999999999999975, 0.035, 0.010000000000000005, 0.0050000000000000044, 0.17]",insertion,25336,758004703,0.010486560686159885,0.013650578147567316,-0.09197987753419312,0.02323105726873176,-0.009094476152441744,0.0015766050020957195
"[-0.009999999999999998, -0.0049999999999999975, 0.035, 0.010000000000000005, 0.0050000000000000044, 0.17]",insertion,25336,762004703,0.012186854088854504,0.01585029622964207,0.0863780040137101,0.02286217462409279,-0.009437543969483708,0.002741843896801973
"[-0.009999999999999998, -0.0049999999999999975, 0.035, 0.010000000000000005, 0.0050000000000000044, 0.17]",insertion,25336,766004703,0.005694811625716334,0.007264302840724213,-1.308895241836801,0.025504395183585826,-0.006129813138447959,-0.001901714138961015
"[-0.009999999999999998, -0.0049999999999999975, 0.035, 0.010000000000000005, 0.0050000000000000044, 0.17]",insertion,25336,770004703,0.008566280377490132,0.011847019432954298,0.07013827991439214,0.023600270141642676,-0.009930496428474322,0.00041308505969355445
"[-0.009999999999999998, -0.0049999999999999975, 0.035, 0.010000000000000005, 0.0050000000000000044, 0.17]",insertion,25336,774004703,-0.0018246691643210577,-0.00027790219809276095,-1.3323845333789919,0.026631546582181476,-0.0076399139614681255,-0.005940329998635325
"[-0.009999999999999998, -0.0049999999999999975, 0.035, 0.010000000000000005, 0.0050000000000000044, 0.17]",insertion,25336,778004703,0.030141625939178796,0.03633208852272318,1.7048530273373785,0.019101350477470413,-0.010945385781328754,0.013527713846598378
"[-0.009999999999999998, -0.0049999999999999975, 0.035, 0.010000000000000005, 0.0050000000000000044, 0.17]",insertion,25336,782004703,-0.00014401518657419787,0.0017224378879472368,-1.2665032882524834,0.026489913259170772,-0.007651755159216456,-0.00476038724402849
"[-0.009999999999999998, -0.0049999999999999975, 0.035, 0.010000000000000005, 0.0050000000000000044, 0.17]",insertion,25336,786004703,-0.005026378915160612,-0.003094186079804828,-0.27961185725624205,0.02622884967540262,-0.011307526685880864,-0.007610631308112574
"[-0.009999999999999998, -0.0049999999999999975, 0.035, 0.010000000000000005, 0.0050000000000000044, 0.17]",insertion,25336,790004703,0.007575714711306081,0.010611531497540128,-0.17562605692664945,0.0245418917971848,-0.009415553439034996,-4.1819342015513364e-05
"[-0.009999999999999998, -0.0049999999999999975, 0.035, 0.010000000000000005, 0.0050000000000000044, 0.17]",insertion,25336,794004703,-0.03505636941823442,-0.04063879402745485,-1.7413287322925868,-1.395632020339923,-0.011264261730937974,-0.027123181736408847
"[-0.009999999999999998, -0.0049999999999999975, 0.035, 0.010000000000000005, 0.0050000000000000044, 0.17]",insertion,25336,798004703,0.01730432136122323,0.021235896658872377,-0.10797012393640415,0.02342450415168912,-0.00771596532886909,0.005747427787156831
"[-0.009999999999999998, -0.0049999999999999975, 0.035, 0.010000000000000005, 0.0050000000000000044, 0.17]",insertion,25336,802004703,0.041148903310860796,0.04922377914591358,2.888559857454638,0.01698319143348953,-0.012548454698512068,0.020540950360723537
"[-0.009999999999999998, -0.0049999999999999975, 0.035, 0.010000000000000005, 0.0050000000000000044, 0.17]",insertion,25336,806004703,-0.002387951998936544,-0.0005070390469779085,-1.5224075325291437,0.02775854922789378,-0.007198942457937729,-0.005891954918560115
"[-0.009999999999999998, -0.0049999999999999975, 0.035, 0.010000000000000005, 0.0050000000000000044, 0.17]",insertion,25336,810004703,-0.024909344640078157,-0.029202805693318012,-1.4690997777001016,-1.396872368277427,-0.010285316430688418,-0.02106685278560994
"[-0.009999999999999998, -0.0049999999999999975, 0.035, 0.010000000000000005, 0.0050000000000000044, 0.17]",insertion,25336,814004703,-0.011967922788444885,-0.010325467231419694,-1.4593528124833988,0.029105332168452125,-0.009260019793847496,-0.01129294626675828
"[-0.009999999999999998, -0.0049999999999999975, 0.035, 0.010000000000000005, 0.0050000000000000044, 0.17]",insertion,25336,818004703,0.0037323039285104276,0.007111060632505328,-0.055235194876754434,0.0256664403669023,-0.01036812877574167,-0.0022062301647101843
"[-0.009999999999999998, -0.0049999999999999975, 0.035, 0.010000000000000005, 0.0050000000000000044, 0.17]",insertion,25336,822004703,0.029601849487277176,0.03662614560382238,1.5226616831503144,0.020479926602750054,-0.010632582241927535,0.013653033068846104
"[-0.009999999999999998, -0.0049999999999999975, 0.035, 0.010000000000000005, 0.0050000000000000044, 0.17]",insertion,25336,826004703,-0.010008545636097377,-0.01120311867158108,-0.08168983838040234,-1.4001126271589026,-0.012048045504882032,-0.011485685000099081
"[-0.009999999999999998, -0.0049999999999999975, 0.035, 0.010000000000000005, 0.0050000000000000044, 0.17]",insertion,25336,830004703,0.0059134678855458644,0.009768170056023706,-0.16879580835117736,0.025775312100350778,-0.009805161083307867,-0.0006387656968660066
"[-0.009999999999999998, -0.0049999999999999975, 0.035, 0.010000000000000005, 0.0050000000000000044, 0.17]",insertion,25336,834004703,0.000989250634463812,0.005151077181336561,-0.10247189016538272,0.026341592815935067,-0.011212221684098855,-0.002979415282474248
"[-0.009999999999999998, -0.0049999999999999975, 0.035, 0.010000000000000005, 0.0050000000000000044, 0.17]",insertion,25336,838004703,0.021845680036791215,0.028634683086947277,1.4781898896382195,0.02193341758759698,-0.012156473836945403,0.009529318931869004
"[-0.009999999999999998, -0.0049999999999999975, 0.035, 0.010000000000000005, 0.0050000000000000044, 0.17]",insertion,25336,842004703,-0.03142983353930889,-0.03521520269600664,-1.4431234083481144,-1.3953269458255901,-0.011963769188202078,-0.024171146571386654
"[-0.009999999999999998, -0.0049999999999999975, 0.035, 0.010000000000000005, 0.0050000000000000044, 0.17]",insertion,25336,846004703,0.006734896855245143,0.011902952979077952,1.2323676557457972,0.02449931824679774,-0.014035699243763133,0.00038011378245546203
"[-0.009999999999999998, -0.0049999999999999975, 0.035, 0.010000000000000005, 0.0050000000000000044, 0.17]",insertion,25336,850004703,0.010316459964191116,0.01536673017383805,-0.17869735025097455,0.025618480161529178,-0.009289636242549748,0.0025214973748153135
"[-0.009999999999999998, -0.0049999999999999975, 0.035, 0.010000000000000005, 0.0050000000000000044, 0.17]",insertion,25336,854004703,0.00819957830628093,0.012890893674406101,-0.09614678737066384,0.025967863389016688,-0.009834872822288676,0.0011666997879056099
"[-0.009999999999999998, -0.0049999999999999975, 0.035, 0.010000000000000005, 0.0050000000000000044, 0.17]",insertion,25336,858004703,0.01883827999345472,0.02553027959707599,1.3575800198166945,0.023040045694224465,-0.012216499088451016,0.007777622925320085
"[-0.009999999999999998, -0.0049999999999999975, 0.035, 0.010000000000000005, 0.0050000000000000044, 0.17]",insertion,25336,862004703,0.021863965166107946,0.02931617424975741,1.5298743754495092,0.02247471151098257,-0.012353793938290836,0.009853603966953808
"[-0.009999999999999998, -0.0049999999999999975, 0.035, 0.010000000000000005, 0.0050000000000000044, 0.17]",insertion,25336,866004703,-0.011136067584567533,-0.008241441702899976,-1.4075336738865971,0.030227044222583543,-0.009512917577491176,-0.01010872258165738
"[-0.009999999999999998, -0.0049999999999999975, 0.035, 0.010000000000000005, 0.0050000000000000044, 0.17]",insertion,25336,870004703,0.03945473460571014,0.049148025743392054,3.05420640116553,0.018690318872136402,-0.013597584649613914,0.020224549665306554
"[-0.009999999999999998, -0.0049999999999999975, 0.035, 0.010000000000000005, 0.0050000000000000044, 0.17]",insertion,25336,874004703,-0.01660509109172681,-0.014537910271890553,-1.6776989544608014,0.031541830357310674,-0.009477528322560214,-0.013649407915678351
"[-0.009999999999999998, -0.0049999999999999975, 0.035, 0.010000000000000005, 0.0050000000000000044, 0.17]",insertion,25336,878004703,-0.012706077952373829,-0.013424841081594252,-0.14958786405661328,-1.3982984708640895,-0.01240838956549295,-0.012641597742952582
"[-0.009999999999999998, -0.0049999999999999975, 0.035, 0.010000000000000005, 0.0050000000000000044, 0.17]",insertion,25336,882004703,-0.0024735469887092187,0.0020288806108439417,-0.2311933208200223,0.02822198792391506,-0.011475627263510257,-0.004705554938472322
"[-0.009999999999999998, -0.0049999999999999975, 0.035, 0.010000000000000005, 0.0050000000000000044, 0.17]",insertion,25336,886004703,-0.00516199241570231,-0.0011404660258964583,-0.3953061435084031,0.028932578092049632,-0.01136274990664754,-0.006436130195354696
"[-0.009999999999999998, -0.0049999999999999975, 0.035, 0.010000000000000005, 0.0050000000000000044, 0.17]",insertion,25336,890004703,-0.0031485458947358436,0.0003164284361130143,-1.6387804580341765,0.03013129254524355,-0.007345294204592845,-0.00537956073585527
"[-0.009999999999999998, -0.0049999999999999975, 0.035, 0.010000000000000005, 0.0050000000000000044, 0.17]",insertion,25336,894004703,0.028507268994146795,0.03647454119207616,1.5036570633065978,0.022548471770032386,-0.011051968029295645,0.013726077447186059
"[-0.009999999999999998, -0.0049999999999999975, 0.035, 0.010000000000000005, 0.0050000000000000044, 0.17]",insertion,25336,898004703,-0.00012578005126412384,0.0051829917642685075,0.08854204529162502,0.027934271775782338,-0.012234635300942265,-0.002971448050703028
"[-0.009999999999999998, -0.0049999999999999975, 0.035, 0.010000000000000005, 0.0050000000000000044, 0.17]",insertion,25336,902004703,-0.005577642984235909,-0.0055340676009780765,0.10113505400882872,-1.398837436761232,-0.01184826952553475,-0.008499491735604797
"[-0.009999999999999998, -0.0049999999999999975, 0.035, 0.010000000000000005, 0.0050000000000000044, 0.17]",insertion,25336,906004703,-0.013401074420582193,-0.009075117564691482,-0.18593790215839334,0.030214353634658297,-0.013769306828552597,-0.010809515745608973
"[-0.009999999999999998, -0.0049999999999999975, 0.035, 0.010000000000000005, 0.0050000000000000044, 0.17]",insertion,25336,910004703,-0.0032753964168666383,0.0008174687035218398,-1.3892413278808924,0.030330848042452507,-0.008253181483930505,-0.005269650595776646
"[-0.009999999999999998, -0.0049999999999999975, 0.035, 0.010000000000000005, 0.0050000000000000044, 0.17]",insertion,25336,914004703,0.01972849542208016,0.02784606909008147,1.5415268770708295,0.024072043472014693,-0.013003940369097688,0.008964174386593301
"[-0.009999999999999998, -0.0049999999999999975, 0.035, 0.010000000000000005, 0.0050000000000000044, 0.17]",insertion,25336,918004703,0.003818637060327479,0.009281602521502563,-0.11312916409044504,0.02822919613842262,-0.01059689660601637,-0.0009535860130905865
"[-0.009999999999999998, -0.0049999999999999975, 0.035, 0.010000000000000005, 0.0050000000000000044, 0.17]",insertion,25336,922004703,-0.004131415605294453,-2.8579604247624957e-06,-1.4528987079607774,0.030835245046715143,-0.00813161266260598,-0.0056498555813258725
"[-0.009999999999999998, -0.0049999999999999975, 0.035, 0.010000000000000005, 0.0050000000000000044, 0.17]",insertion,25336,926004703,0.025041774751649204,0.033109390262335836,1.5000409044213896,0.023839779131167416,-0.011599049753837853,0.011788143379036782
"[-0.009999999999999998, -0.0049999999999999975, 0.035, 0.010000000000000005, 0.0050000000000000044, 0.17]",insertion,25336,930004703,-0.0038066201957830947,0.001475485373903851,-0.1524412499434682,0.02953528208338524,-0.01207457122552169,-0.0050031930465691266
"[-0.009999999999999998, -0.0049999999999999975, 0.035, 0.010000000000000005, 0.0050000000000000044, 0.17]",insertion,25336,934004703,0.004033121841520548,0.009599881937219834,-0.20542913811151564,0.028724395592303997,-0.010355338176723183,-0.0006516014490202436
"[-0.009999999999999998, -0.0049999999999999975, 0.035, 0.010000000000000005, 0.0050000000000000044, 0.17]",insertion,25336,938004703,-0.0008686041139451262,0.005090533899624106,-0.12670862565072838,0.029270457645322323,-0.011796981307091281,-0.002949024065790744
"[-0.009999999999999998, -0.0049999999999999975, 0.035, 0.010000000000000005, 0.0050000000000000044, 0.17]",insertion,25336,942004703,-0.014698660398117624,-0.01108092170624353,-1.6009121816078213,0.03291601345401135,-0.009748309585037251,-0.011545713904984264
"[-0.009999999999999998, -0.0049999999999999975, 0.035, 0.010000000000000005, 0.0050000000000000044, 0.17]",insertion,25336,946004703,-0.005074271970173627,-0.0007575957207013317,-1.5228980958298592,0.03167528252533891,-0.008190195425861191,-0.0060160158280487975
"[-0.009999999999999998, -0.0049999999999999975, 0.035, 0.010000000000000005, 0.0050000000000000044, 0.17]",insertion,25336,950004703,0.015831965532646264,0.022844594847363453,0.06696327401524726,0.027234482902953383,-0.009168241927526743,0.006471681348426105
"[-0.009999999999999998, -0.0049999999999999975, 0.035, 0.010000000000000005, 0.0050000000000000044, 0.17]",insertion,25336,954004703,-0.0016415199789583945,0.004640233663547377,0.05277523731889744,0.029575277604916794,-0.012557905835113292,-0.0032975734029554284
"[-0.009999999999999998, -0.0049999999999999975, 0.035, 0.010000000000000005, 0.0050000000000000044, 0.17]",insertion,25336,958004703,0.01591924258941052,0.02327595711508934,0.19299449011302983,0.027248717373506925,-0.00958925638354391,0.006623481825112339
"[-0.009999999999999998, -0.0049999999999999975, 0.035, 0.010000000000000005, 0.0050000000000000044, 0.17]",insertion,25336,962004703,0.01908617213639352,0.028202668268530573,1.6733422291129472,0.025192018951305184,-0.013673809380067792,0.009122954913145982
"[-0.009999999999999998, -0.0049999999999999975, 0.035, 0.010000000000000005, 0.0050000000000000044, 0.17]",insertion,25336,966004703,-0.004202010598497341,0.0019459328016431243,0.07343209054218391,0.030192453280128984,-0.013036934542034473,-0.004864393898343911
"[-0.009999999999999998, -0.0049999999999999975, 0.035, 0.010000000000000005, 0.0050000000000000044, 0.17]",insertion,25336,970004703,-0.027592110418759308,-0.02907312693478481,-1.4458480777152474,-1.3925231164633218,-0.011470150588136718,-0.02090649394257819
"[-0.009999999999999998, -0.0049999999999999975, 0.035, 0.010000000000000005, 0.0050000000000000044, 0.17]",insertion,25336,974004703,0.017315149958558373,0.026125412542647553,1.4948438388292828,0.025951285807585323,-0.013430109397514878,0.008068844568635526
"[-0.009999999999999998, -0.0049999999999999975, 0.035, 0.010000000000000005, 0.0050000000000000044, 0.17]",insertion,25336,978004703,0.005557979252254486,0.01233356079250747,-0.0183845373386049,0.029326910525524386,-0.010915898415490899,0.0008575747215057179
"[-0.009999999999999998, -0.0049999999999999975, 0.035, 0.010000000000000005, 0.0050000000000000044, 0.17]",insertion,25336,982004703,-0.0019691814047443357,0.004682141684382302,-0.004017826216745846,0.030346227632908618,-0.012466825611411103,-0.0031595797959959506
"[-0.009999999999999998, -0.0049999999999999975, 0.035, 0.010000000000000005, 0.0050000000000000044, 0.17]",insertion,25336,986004703,0.004869702726490843,0.011651219693648684,-0.09560781476575997,0.02971638935718851,-0.010762592984983277,0.0005251430139119025
"[-0.009999999999999998, -0.0049999999999999975, 0.035, 0.010000000000000005, 0.0050000000000000044, 0.17]",insertion,25336,990004703,0.013917294421979809,0.022222896006534043,1.232128153237916,0.027180277732918978,-0.013074261101602036,0.006010542074676659
"[-0.009999999999999998, -0.0049999999999999975, 0.035, 0.010000000000000005, 0.0050000000000000044, 0.17]",insertion,25336,994004703,-0.003621800074831094,-0.0006693246629385641,1.1327059445240657,-1.3980002741303195,-0.015028185105747105,-0.005771718270825276
"[-0.009999999999999998, -0.0049999999999999975, 0.035, 0.010000000000000005, 0.0050000000000000044, 0.17]",insertion,25336,998004703,-0.013242168940066579,-0.008305945803384063,-1.7039737610881183,0.034181256681953265,-0.009437183792233017,-0.009899435779208102
"[-0.009999999999999998, -0.0049999999999999975, 0.035, 0.010000000000000005, 0.0050000000000000044, 0.17]",insertion,25337,2004703,-0.016627321945722473,-0.01220038354786901,-1.8419194990972798,0.03496175326981382,-0.009502679217771592,-0.01208677070122139
"[-0.009999999999999998, -0.0049999999999999975, 0.035, 0.010000000000000005, 0.0050000000000000044, 0.17]",insertion,25337,6004703,0.000525306997419317,0.0068623294198353335,-0.4196014516244375,0.03130797569424104,-0.010497766740487191,-0.0021216499482856594
"[-0.009999999999999998, -0.0049999999999999975, 0.035, 0.010000000000000005, 0.0050000000000000044, 0.17]",insertion,25337,10004703,0.0030463089315507785,0.01002897005585801,-0.3801622029035485,0.03098881006691301,-0.010302946978156813,-0.000390174711967492
"[-0.009999999999999998, -0.0049999999999999975, 0.035, 0.010000000000000005, 0.0050000000000000044, 0.17]",insertion,25337,14004703,0.002874048984866817,0.009955191792995421,-0.3542597152378164,0.03110191789733674,-0.010436176801144392,-0.0004549350018984155
"[-0.009999999999999998, -0.0049999999999999975, 0.035, 0.010000000000000005, 0.0050000000000000044, 0.17]",insertion,25337,18004703,-0.005352144377488655,0.0015008121089472581,-0.4630794683800161,0.03238134102400969,-0.011769832410154057,-0.004970032261044234
"[-0.009999999999999998, -0.0049999999999999975, 0.035, 0.010000000000000005, 0.0050000000000000044, 0.17]",insertion,25337,22004703,-0.0021709703914258305,0.0054463944027300926,-0.2967248015185291,0.0318245388661228,-0.011873359150064489,-0.002791262754045217
"[-0.009999999999999998, -0.0049999999999999975, 0.035, 0.010000000000000005, 0.0050000000000000044, 0.17]",insertion,25337,26004703,0.00584329624346297,0.01474426819293484,1.0865305352002679,0.02940110028955334,-0.014515387123522627,0.0019500960479043846
"[-0.009999999999999998, -0.0049999999999999975, 0.035, 0.010000000000000005, 0.0050000000000000044, 0.17]",insertion,25337,30004703,0.002431503882508179,0.009873628538139556,-0.4127571147179374,0.03169891447172124,-0.010440632756085866,-0.0005508403629802595
"[-0.009999999999999998, -0.0049999999999999975, 0.035, 0.010000000000000005, 0.0050000000000000044, 0.17]",insertion,25337,34004703,0.004556838969597132,0.012491755008014138,-0.3631769276064958,0.03143930025066283,-0.010327652780563468,0.0009268461925048327
"[-0.009999999999999998, -0.0049999999999999975, 0.035, 0.010000000000000005, 0.0050000000000000044, 0.17]",insertion,25337,38004703,-0.00020570225454047408,0.006779111077950262,-0.46863692907151133,0.03243061257402696,-0.01066128371637598,-0.0022055166453458963
"[-0.009999999999999998, -0.0049999999999999975, 0.035, 0.010000000000000005, 0.0050000000000000044, 0.17]",insertion,25337,42004703,-0.0051773266584037025,0.0022865771252043032,-0.425151343867185,0.03304760515348765,-0.011936991760821192,-0.004486150307784461
"[-0.009999999999999998, -0.0049999999999999975, 0.035, 0.010000000000000005, 0.0050000000000000044, 0.17]",insertion,25337,46004703,0.010509264087387171,0.0195379832399194,0.889491134432749,0.029743717219152588,-0.012805675728349786,0.004482287242405343
"[-0.009999999999999998, -0.0049999999999999975, 0.035, 0.010000000000000005, 0.0050000000000000044, 0.17]",insertion,25337,50004703,0.004878209703394976,0.013237069731955486,-0.4158069932219597,0.0319603268545775,-0.01013964305820092,0.0014084951663778057
"[-0.009999999999999998, -0.0049999999999999975, 0.035, 0.010000000000000005, 0.0050000000000000044, 0.17]",insertion,25337,54004703,-0.017050277187670104,-0.011319558378410477,-1.9030726327938012,0.03666989145512817,-0.009658352136627135,-0.011589765737209424
"[-0.009999999999999998, -0.0049999999999999975, 0.035, 0.010000000000000005, 0.0050000000000000044, 0.17]",insertion,25337,58004703,-0.02399022987287558,-0.023981365602169902,-1.8079023586098195,-1.3898971568987646,-0.009753631507517624,-0.01811517822322658
"[-0.009999999999999998, -0.0049999999999999975, 0.035, 0.010000000000000005, 0.0050000000000000044, 0.17]",insertion,25337,62004703,0.0033474457439431893,0.01264114072675504,0.9677286709503221,0.031038038718964545,-0.014669488286156884,0.0008396337087969259
"[-0.009999999999999998, -0.0049999999999999975, 0.035, 0.010000000000000005, 0.0050000000000000044, 0.17]",insertion,25337,66004703,-0.027380407249339767,-0.026488525601660484,-1.8348214450280267,-1.3893331674981009,-0.010711343159984787,-0.019337068959231343
"[-0.009999999999999998, -0.0049999999999999975, 0.035, 0.010000000000000005, 0.0050000000000000044, 0.17]",insertion,25337,70004703,-0.018723254985949178,-0.012845866978173248,-1.8518704759601299,0.03736029705387112,-0.010176040357893434,-0.012472476563701106
"[-0.009999999999999998, -0.0049999999999999975, 0.035, 0.010000000000000005, 0.0050000000000000044, 0.17]",insertion,25337,74004703,0.03611297963175486,0.049307357498387105,2.7622455962167045,0.02501925852660042,-0.014233198810401304,0.020291489259086234
"[-0.009999999999999998, -0.0049999999999999975, 0.035, 0.010000000000000005, 0.0050000000000000044, 0.17]",insertion,25337,78004703,0.01190716790746682,0.022115067062152605,1.0677677113374564,0.030288455599422948,-0.013425238090035263,0.0058113437406476206
"[-0.009999999999999998, -0.0049999999999999975, 0.035, 0.010000000000000005, 0.0050000000000000044, 0.17]",insertion,25337,82004703,-0.012437193829067883,-0.003080342787772139,0.9242808599516472,0.03365733654731484,-0.01787358688830365,-0.007516051078342287
"[-0.009999999999999998, -0.0049999999999999975, 0.035, 0.010000000000000005, 0.0050000000000000044, 0.17]",insertion,25337,86004703,0.014985091143946083,0.025858315546948063,1.0042435188176242,0.030135270258355495,-0.012873359742307633,0.007929017701517205
"[-0.009999999999999998, -0.0049999999999999975, 0.035, 0.010000000000000005, 0.0050000000000000044, 0.17]",insertion,25337,90004703,-0.006206561971097424,0.0021846299340708697,-0.4788563320793955,0.03473241989689224,-0.012292555154051588,-0.00452162153165804
"[-0.009999999999999998, -0.0049999999999999975, 0.035, 0.010000000000000005, 0.0050000000000000044, 0.17]",insertion,25337,94004703,6.154485078298793,-0.13226747731601307,41.32633529668019,-1.0700650603403041,0.7884906061379625,0.146791168971307
"[-0.009999999999999998, -0.0049999999999999975, 0.035, 0.010000000000000005, 0.0050000000000000044, 0.17]",insertion,25337,98004703,4.7405386006417976,-0.5066338409411433,93.21811957372948,-2.1258013479061573,0.7843499240330092,0.17260571115520737
"[-0.009999999999999998, -0.0049999999999999975, 0.035, 0.010000000000000005, 0.0050000000000000044, 0.17]",insertion,25337,102004703,-1.1872704483595626,-1.5939822424301777,108.14169755039696,-2.1280790736232915,-0.1007185870106233,0.0745327682173526
"[-0.009999999999999998, -0.0049999999999999975, 0.035, 0.010000000000000005, 0.0050000000000000044, 0.17]",insertion,25337,106004703,-0.9396545716051099,-2.5438693278359956,108.05190075287274,-2.181559916768327,-0.02287612272695938,-0.013236747665101786
"[-0.009999999999999998, -0.0049999999999999975, 0.035, 0.010000000000000005, 0.0050000000000000044, 0.17]",insertion,25337,110004703,-1.766905113562877,-3.236769286078811,108.74502572405505,-3.5640174215289564,-0.1248987480878686,-0.06324996392831413
"[-0.009999999999999998, -0.0049999999999999975, 0.035, 0.010000000000000005, 0.0050000000000000044, 0.17]",insertion,25337,114004703,-2.242293611755383,-3.6338960568479024,108.23620584094705,-2.091979924433486,-0.18026374903006293,-0.06343808144422199
"[-0.009999999999999998, -0.0049999999999999975, 0.035, 0.010000000000000005, 0.0050000000000000044, 0.17]",insertion,25337,118004703,-2.8399351081187802,-3.980178270472763,108.66490711368458,-1.9680067252076343,-0.24702692274586857,-0.07291616111153273
"[-0.009999999999999998, -0.0049999999999999975, 0.035, 0.010000000000000005, 0.0050000000000000044, 0.17]",insertion,25337,122004703,-3.3849561922902054,-4.293624444715256,108.68317567647769,-1.8891229849952134,-0.30601305668560497,-0.09103496277856335
"[-0.009999999999999998, -0.0049999999999999975, 0.035, 0.010000000000000005, 0.0050000000000000044, 0.17]",insertion,25337,126004703,-3.8101049457808234,-4.587342342372892,106.45628836757366,-1.8431427603443247,-0.3453097856061942,-0.10814953175807972
"[-0.009999999999999998, -0.0049999999999999975, 0.035, 0.010000000000000005, 0.0050000000000000044, 0.17]",insertion,25337,130004703,-3.476528428055464,-4.661740244955123,106.28430608261309,-1.7111821355154726,-0.3132810817605518,-0.10222608600736983
"[-0.009999999999999998, -0.0049999999999999975, 0.035, 0.010000000000000005, 0.0050000000000000044, 0.17]",insertion,25337,134004703,-3.43872321994353,-4.789280807894308,104.68482265011929,-1.6660788690922437,-0.30628785199005015,-0.09473758745818348
"[-0.009999999999999998, -0.0049999999999999975, 0.035, 0.010000000000000005, 0.0050000000000000044, 0.17]",insertion,25337,138004703,-3.7940280473771755,-4.846151399117641,102.84879599900545,-1.5940053422852558,-0.3418959948560232,-0.09341560075520858
"[-0.009999999999999998, -0.0049999999999999975, 0.035, 0.010000000000000005, 0.0050000000000000044, 0.17]",insertion,25337,142004703,-4.2751532118918965,-4.902739978202792,100.8983413120374,-1.5288787239283543,-0.4012479135322451,-0.10661332314653513
"[-0.009999999999999998, -0.0049999999999999975, 0.035, 0.010000000000000005, 0.0050000000000000044, 0.17]",insertion,25337,146004703,-4.58196123873606,-4.942143649623986,99.09137731519358,-1.4704733878333447,-0.438217963600275,-0.11493886864652687
"[-0.009999999999999998, -0.0049999999999999975, 0.035, 0.010000000000000005, 0.0050000000000000044, 0.17]",insertion,25337,150004703,-4.7818621485392905,-4.971018146426385,97.45721351873634,-1.421349092761913,-0.46329053152558974,-0.12003142411701706
"[-0.009999999999999998, -0.0049999999999999975, 0.035, 0.010000000000000005, 0.0050000000000000044, 0.17]",insertion,25337,154004703,-4.972957193524649,-5.024179723366181,95.63398104570634,-2.790896322401682,-0.486449648421734,-0.13712644870274093
"[-0.009999999999999998, -0.0049999999999999975, 0.035, 0.010000000000000005, 0.0050000000000000044, 0.17]",insertion,25337,158004703,-5.01376503956608,-5.012111032868557,94.66796121612238,-1.3377965655647155,-0.4923474949967952,-0.1251078198666571
"[-0.009999999999999998, -0.0049999999999999975, 0.035, 0.010000000000000005, 0.0050000000000000044, 0.17]",insertion,25337,162004703,1.069670819406291,-5.14109625453905,95.15640828442568,-1.3592252850170436,0.08933602240206073,-0.08197909525632262
"[-0.009999999999999998, -0.0049999999999999975, 0.035, 0.010000000000000005, 0.0050000000000000044, 0.17]",insertion,25337,166004703,1.3686609234620075,-5.055313071446907,96.32639093807741,-2.7855640482666657,0.1837580208974241,-0.0030667819349751127
"[-0.009999999999999998, -0.0049999999999999975, 0.035, 0.010000000000000005, 0.0050000000000000044, 0.17]",insertion,25337,170004703,-5.207562782746602,-4.855620813017225,92.01097585048707,-1.2623616356943836,-0.5279351250224096,-0.04475797308270453
"[-0.009999999999999998, -0.0049999999999999975, 0.035, 0.010000000000000005, 0.0050000000000000044, 0.17]",insertion,25337,174004703,0.9065422414366393,-5.518775923784087,97.61631088623483,-1.3320069493251858,0.2138391955760539,-0.08234216845887463
"[-0.009999999999999998, -0.0049999999999999975, 0.035, 0.010000000000000005, 0.0050000000000000044, 0.17]",insertion,25337,178004703,-10.008396379696775,-5.347655918804847,71.43277111016994,-1.9655454886089543,-1.153719112183764,-0.22274683780840862
"[-0.009999999999999998, -0.0049999999999999975, 0.035, 0.010000000000000005, 0.0050000000000000044, 0.17]",insertion,25337,182004703,-9.28424140505488,-5.787014467160567,45.06113033326403,-1.2821092014685052,-1.043616991501018,-0.2803183694102839
"[-0.009999999999999998, -0.0049999999999999975, 0.035, 0.010000000000000005, 0.0050000000000000044, 0.17]",insertion,25337,186004703,2.8432068775339134,-6.14270779173496,87.54584438580373,-1.001648100038052,0.4976827963986783,-0.12582524561129535
"[-0.009999999999999998, -0.0049999999999999975, 0.035, 0.010000000000000005, 0.0050000000000000044, 0.17]",insertion,25337,190004703,-6.764740982758747,-5.400251242158923,38.79893675240227,0.2562278369820546,-0.7148744771648148,-0.1342386648783211
"[-0.009999999999999998, -0.0049999999999999975, 0.035, 0.010000000000000005, 0.0050000000000000044, 0.17]",insertion,25337,194004703,1.2428803975250915,-6.087999308183267,102.43569523453564,-1.3061682801246088,0.135608264628451,-0.003382281602919538
"[-0.009999999999999998, -0.0049999999999999975, 0.035, 0.010000000000000005, 0.0050000000000000044, 0.17]",insertion,25337,198004703,-6.134498791608509,-5.181697299186975,33.36170159937841,0.0624751053989423,-1.072627831046756,-0.06348739645949797
"[-0.009999999999999998, -0.0049999999999999975, 0.035, 0.010000000000000005, 0.0050000000000000044, 0.17]",insertion,25337,202004703,1.7999964448619332,-6.414663811685969,102.62405385317038,-0.8515501862629911,0.6919220277328216,-0.04150283180239572
"[-0.009999999999999998, -0.0049999999999999975, 0.035, 0.010000000000000005, 0.0050000000000000044, 0.17]",insertion,25337,206004703,3.0575576565114737,-5.914844066576627,91.01895775855142,-1.005957975897779,0.37678741930575965,0.05842031665144636
"[-0.009999999999999998, -0.0049999999999999975, 0.035, 0.010000000000000005, 0.0050000000000000044, 0.17]",insertion,25337,210004703,3.334359065002113,-6.133669929814406,91.46049273574756,-0.8580787575931904,0.6118808431462615,-0.025951570958798464
"[-0.009999999999999998, -0.0049999999999999975, 0.035, 0.010000000000000005, 0.0050000000000000044, 0.17]",insertion,25337,214004703,-4.760519686641109,-5.514403092989593,31.46636053696282,0.42286538748733915,-0.47013755608807606,-0.12750771493239263
"[-0.009999999999999998, -0.0049999999999999975, 0.035, 0.010000000000000005, 0.0050000000000000044, 0.17]",insertion,25337,218004703,1.2230719274528927,-6.192893327514565,104.82618567469925,-1.2875785223255214,0.156165463034728,0.018368287221846663
"[-0.009999999999999998, -0.0049999999999999975, 0.035, 0.010000000000000005, 0.0050000000000000044, 0.17]",insertion,25337,222004703,0.5070353600294819,-5.430156531521455,53.12337401762384,-0.5644124712198832,-0.35686762804901173,0.012062290051389517
"[-0.009999999999999998, -0.0049999999999999975, 0.035, 0.010000000000000005, 0.0050000000000000044, 0.17]",insertion,25337,228004703,3.2073888520536356,-6.187460661567172,91.76896902263907,-2.233065207612093,0.6231564775616123,-0.024496486082002278
"[-0.009999999999999998, -0.0049999999999999975, 0.035, 0.010000000000000005, 0.0050000000000000044, 0.17]",insertion,25337,230004703,1.6933116193048057,-6.216928461517014,103.89779446070636,-0.9517491093310957,0.5226687962547041,0.08149091899642519
"[-0.009999999999999998, -0.0049999999999999975, 0.035, 0.010000000000000005, 0.0050000000000000044, 0.17]",insertion,25337,234004703,1.882221431144874,-6.514856221286774,102.2757112306675,-0.86615988448318,0.6939161736946312,-0.02563866073816858
"[-0.009999999999999998, -0.0049999999999999975, 0.035, 0.010000000000000005, 0.0050000000000000044, 0.17]",insertion,25337,238004703,1.3292059870156365,-6.277623913086671,102.16959566744973,-1.2092719718915936,0.18354792750836646,0.027250779794884186
"[-0.009999999999999998, -0.0049999999999999975, 0.035, 0.010000000000000005, 0.0050000000000000044, 0.17]",insertion,25337,242004703,2.95084821000705,-6.070929887801096,91.47302605855907,-0.9291813683761162,0.40657140165385586,0.06270859300539007
"[-0.009999999999999998, -0.0049999999999999975, 0.035, 0.010000000000000005, 0.0050000000000000044, 0.17]",insertion,25337,246004703,-3.7672145485314195,-5.3078200081613325,22.75872058580352,0.23325852196719055,-0.8302004778578873,-0.03245275234467897
"[-0.009999999999999998, -0.0049999999999999975, 0.035, 0.010000000000000005, 0.0050000000000000044, 0.17]",insertion,25337,250004703,1.9314957690487673,-6.496273612693848,104.29486883517836,-0.7998853892558085,0.7523590980411843,0.0043982789148853925
"[-0.009999999999999998, -0.0049999999999999975, 0.035, 0.010000000000000005, 0.0050000000000000044, 0.17]",insertion,25337,254004703,-3.774865228790186,-5.298027551782983,22.007153931323245,0.21243452698748083,-0.8606036254356748,-0.030907584418701336
"[-0.009999999999999998, -0.0049999999999999975, 0.035, 0.010000000000000005, 0.0050000000000000044, 0.17]",insertion,25337,258004703,-2.358470726928569,-5.578018364356353,22.830826513281636,0.6118751085191483,-0.21156408136973837,-0.07343966105956472
"[-0.009999999999999998, -0.0049999999999999975, 0.035, 0.010000000000000005, 0.0050000000000000044, 0.17]",insertion,25337,262004703,-4.034188917657838,-5.552756164094113,29.24497159583148,-0.9339532285058888,-0.32635698353819476,-0.07611954123399266
"[-0.009999999999999998, -0.0049999999999999975, 0.035, 0.010000000000000005, 0.0050000000000000044, 0.17]",insertion,25337,266004703,-4.606010787243028,-5.487577428525075,31.660662896086023,0.44177964758438704,-0.4627392903676806,-0.10640806335034972
"[-0.009999999999999998, -0.0049999999999999975, 0.035, 0.010000000000000005, 0.0050000000000000044, 0.17]",insertion,25337,270004703,1.240766955911857,-6.358097984508465,107.62355312042061,-2.782726673055548,0.11043060790766623,0.0037079954226422974
"[-0.009999999999999998, -0.0049999999999999975, 0.035, 0.010000000000000005, 0.0050000000000000044, 0.17]",insertion,25337,274004703,-3.8984962278114113,-5.286980341543238,25.598207544152718,0.32722341720674686,-0.6711004801393488,-0.009449287796239991
"[-0.009999999999999998, -0.0049999999999999975, 0.035, 0.010000000000000005, 0.0050000000000000044, 0.17]",insertion,25337,278004703,2.1121468345717154,-6.557851930121167,106.89128320482621,-0.5891593618777122,0.9444455142890282,0.021415685194918436
"[-0.009999999999999998, -0.0049999999999999975, 0.035, 0.010000000000000005, 0.0050000000000000044, 0.17]",insertion,25337,282004703,2.188556900082722,-6.604274365873987,106.10161962514624,-0.632781279364544,0.909140516106097,0.006671786245803143
"[-0.009999999999999998, -0.0049999999999999975, 0.035, 0.010000000000000005, 0.0050000000000000044, 0.17]",insertion,25337,286004703,-2.3373792441139694,-5.371496712433228,14.450665730505051,0.271621325463543,-0.7680579799807137,-0.043012914878665855
"[-0.009999999999999998, -0.0049999999999999975, 0.035, 0.010000000000000005, 0.0050000000000000044, 0.17]",insertion,25337,290004703,2.4152734039633947,-6.544161932332109,105.74989335237963,-0.5773377527280356,0.9986330853829035,0.06786845154689121
"[-0.009999999999999998, -0.0049999999999999975, 0.035, 0.010000000000000005, 0.0050000000000000044, 0.17]",insertion,25337,294004703,-1.846100749080235,-5.546399469242306,22.24880888295293,0.707270205188914,-0.09987925563737676,-0.03359570649901982
"[-0.009999999999999998, -0.0049999999999999975, 0.035, 0.010000000000000005, 0.0050000000000000044, 0.17]",insertion,25337,298004703,1.1987083151029847,-6.438551554215852,106.52426654713331,-1.2441951326306193,0.17671995723703565,0.03630136855192216
"[-0.009999999999999998, -0.0049999999999999975, 0.035, 0.010000000000000005, 0.0050000000000000044, 0.17]",insertion,25337,302004703,2.523092568658129,-6.575420537307291,105.36656787569622,-0.5680118273358585,1.0064745724454796,0.06559204612478084
"[-0.009999999999999998, -0.0049999999999999975, 0.035, 0.010000000000000005, 0.0050000000000000044, 0.17]",insertion,25337,306004703,-0.045707222874720954,-5.652124525856387,12.068133472899621,0.9202531520703204,0.07546767265907206,-0.012954144894122305
"[-0.009999999999999998, -0.0049999999999999975, 0.035, 0.010000000000000005, 0.0050000000000000044, 0.17]",insertion,25337,310004703,-0.21084862629460097,-5.6158265813472354,15.635299503399716,0.8917430901521991,0.10461408022015917,-0.0019154493046704586
"[-0.009999999999999998, -0.0049999999999999975, 0.035, 0.010000000000000005, 0.0050000000000000044, 0.17]",insertion,25337,314004703,4.003735943643451,-6.434674778287924,94.46689739776399,-2.1673813534559696,0.7966846223885479,-0.0008521062871828253
"[-0.009999999999999998, -0.0049999999999999975, 0.035, 0.010000000000000005, 0.0050000000000000044, 0.17]",insertion,25337,318004703,2.4579063922243973,-6.646667309568304,105.23299023075836,-0.6296709118907384,0.9386452870923834,0.0578872220346848
"[-0.009999999999999998, -0.0049999999999999975, 0.035, 0.010000000000000005, 0.0050000000000000044, 0.17]",insertion,25337,322004703,-0.5069077178143739,-5.627728434557266,9.138522958177152,0.9885404635145526,0.08944130078499046,-0.007219900190015725
"[-0.009999999999999998, -0.0049999999999999975, 0.035, 0.010000000000000005, 0.0050000000000000044, 0.17]",insertion,25337,326004703,-1.0212661948961372,-5.595620469138883,17.705495939169786,-0.6255702469134361,-0.005832513874145295,-0.030249871334651075
"[-0.009999999999999998, -0.0049999999999999975, 0.035, 0.010000000000000005, 0.0050000000000000044, 0.17]",insertion,25337,330004703,-1.625099733162621,-5.564178477248273,20.455245586013465,0.7110651142561533,-0.11205538461551079,-0.03002360332731129
"[-0.009999999999999998, -0.0049999999999999975, 0.035, 0.010000000000000005, 0.0050000000000000044, 0.17]",insertion,25337,334004703,2.1665763208788347,-6.671354559911091,107.99370178534589,-0.5045046911705495,1.0134954944281287,0.04382192323627767
"[-0.009999999999999998, -0.0049999999999999975, 0.035, 0.010000000000000005, 0.0050000000000000044, 0.17]",insertion,25337,338004703,1.7821982942756476,-6.488904435837174,107.6336777346213,-2.239486875243479,0.5958057534630109,0.10077388529303098
"[-0.009999999999999998, -0.0049999999999999975, 0.035, 0.010000000000000005, 0.0050000000000000044, 0.17]",insertion,25337,342004703,1.7267506246160136,-6.4992515496661944,107.08586502313631,-0.800526274766721,0.606832164530955,0.1097693099526636
"[-0.009999999999999998, -0.0049999999999999975, 0.035, 0.010000000000000005, 0.0050000000000000044, 0.17]",insertion,25337,346004703,-0.15972647174263488,-5.621301311894658,14.225881964728574,0.9425086431588473,0.07384933149180506,-0.0021116055746072384
"[-0.009999999999999998, -0.0049999999999999975, 0.035, 0.010000000000000005, 0.0050000000000000044, 0.17]",insertion,25337,350004703,-1.8202779483326392,-5.539506263702556,21.783922814931497,0.7144964145553908,-0.10101693364369257,-0.026346325720843146
"[-0.009999999999999998, -0.0049999999999999975, 0.035, 0.010000000000000005, 0.0050000000000000044, 0.17]",insertion,25337,354004703,-1.8302263185733374,-5.637223144040764,19.987869787948902,-0.7138084837556906,-0.13918459891583412,-0.09361406241599332
"[-0.009999999999999998, -0.0049999999999999975, 0.035, 0.010000000000000005, 0.0050000000000000044, 0.17]",insertion,25337,358004703,-2.6213901695519843,-5.521647117993773,24.297276454378913,0.6449753858215845,-0.20608299841010724,-0.04781107884803874
