grasp_pose,operation,secs,nsecs,fx,fy,fz,tx,ty,tz
"[-0.015, 0.010000000000000005, 0.035, 0.010000000000000005, 0.010000000000000005, 0.17]",grasping,25775,978004792,-0.0022195263224086825,0.12648845974710987,-0.08126993278725347,-1.5519871257692286,-0.18173063468809114,0.4779679903490812
"[-0.015, 0.010000000000000005, 0.035, 0.010000000000000005, 0.010000000000000005, 0.17]",grasping,25775,982004792,0.0023271840073504357,-0.014211278480293466,0.019192240120231574,1.4300277338227638,-0.0022924186256858825,-0.00591728569994876
"[-0.015, 0.010000000000000005, 0.035, 0.010000000000000005, 0.010000000000000005, 0.17]",grasping,25775,986004792,0.001892067629801597,-0.06729781129372459,0.033897973982456975,0.007674455217347331,-0.0052124056200994195,-0.020399400720083505
"[-0.015, 0.010000000000000005, 0.035, 0.010000000000000005, 0.010000000000000005, 0.17]",grasping,25775,990004792,0.004036145816936565,-0.072880850302675,0.04923106850191594,1.4367538441836323,-0.006921443225578597,-0.0235868625786948
"[-0.015, 0.010000000000000005, 0.035, 0.010000000000000005, 0.010000000000000005, 0.17]",grasping,25775,994004792,0.0031564315196997983,-0.10954198253170144,0.0557938411456238,0.01253552495312138,-0.008592792677330582,-0.033046422735632075
"[-0.015, 0.010000000000000005, 0.035, 0.010000000000000005, 0.010000000000000005, 0.17]",grasping,25775,998004792,0.0034954388051867125,-0.12024591406934793,0.061484793657509584,0.013776288198962483,-0.009474495927173449,-0.036206118135894805
"[-0.015, 0.010000000000000005, 0.035, 0.010000000000000005, 0.010000000000000005, 0.17]",grasping,25776,2004792,-0.2073678151940913,-5.080637239594044,-4.80828181920468,0.4560897439407475,-0.10975905670866902,-0.7124760016288002
"[-0.015, 0.010000000000000005, 0.035, 0.010000000000000005, 0.010000000000000005, 0.17]",grasping,25776,6004792,-0.19434715149641418,-6.736166341314877,-4.724511728005286,0.493355585853852,-0.09235996176296482,-0.6899043606337125
"[-0.015, 0.010000000000000005, 0.035, 0.010000000000000005, 0.010000000000000005, 0.17]",grasping,25776,10004792,-0.19772277969575103,-6.8312526679067656,-4.787301507073112,0.4997000988529038,-0.09393845219095052,-0.6939618325535608
"[-0.015, 0.010000000000000005, 0.035, 0.010000000000000005, 0.010000000000000005, 0.17]",grasping,25776,14004792,-0.20009250528537126,-6.904065226614419,-4.8370032002982075,0.503583612967125,-0.09653980282105667,-0.6942882820754512
"[-0.015, 0.010000000000000005, 0.035, 0.010000000000000005, 0.010000000000000005, 0.17]",grasping,25776,18004792,-0.20057761323274437,-6.924987321514238,-4.867203819109324,1.932608510563542,-0.0977759975231648,-0.6870379280614219
"[-0.015, 0.010000000000000005, 0.035, 0.010000000000000005, 0.010000000000000005, 0.17]",grasping,25776,22004792,-0.20298191936225174,-6.984929277800211,-4.8907310084600955,0.5094194929892342,-0.10003924443107932,-0.6924382036625956
"[-0.015, 0.010000000000000005, 0.035, 0.010000000000000005, 0.010000000000000005, 0.17]",grasping,25776,26004792,-0.20391866922645674,-7.005312857180864,-4.90292304371712,0.5120906804375562,-0.10093910838629569,-0.6913941637664069
"[-0.015, 0.010000000000000005, 0.035, 0.010000000000000005, 0.010000000000000005, 0.17]",grasping,25776,30004792,-0.20497319849905943,-7.0383625882371135,-4.925650929557525,0.5142625338307161,-0.10247835789103701,-0.6909278408796927
"[-0.015, 0.010000000000000005, 0.035, 0.010000000000000005, 0.010000000000000005, 0.17]",grasping,25776,34004792,-0.20597312856375566,-7.070766444726325,-4.948159961657916,0.5163180316915188,-0.10398750567590974,-0.6905895533989929
"[-0.015, 0.010000000000000005, 0.035, 0.010000000000000005, 0.010000000000000005, 0.17]",grasping,25776,38004792,-0.2064756994811669,-7.156501374713517,-4.970897804337607,0.5187383794973701,-0.10530578437027607,-0.6883214650405955
"[-0.015, 0.010000000000000005, 0.035, 0.010000000000000005, 0.010000000000000005, 0.17]",grasping,25776,42004792,-0.20755438961828337,-7.181415176474415,-5.014943423412257,1.9471468417002007,-0.10782887110454943,-0.6859489259063429
"[-0.015, 0.010000000000000005, 0.035, 0.010000000000000005, 0.010000000000000005, 0.17]",grasping,25776,46004792,-0.20895019106854057,-7.2689765527013686,-5.031257210472152,0.5228594963819397,-0.10930736821915632,-0.6876638383418187
"[-0.015, 0.010000000000000005, 0.035, 0.010000000000000005, 0.010000000000000005, 0.17]",grasping,25776,50004792,-0.21127760596940326,-7.25939327659334,-5.072889035801985,0.5236958724041478,-0.1124062430769257,-0.6920371682951731
"[-0.015, 0.010000000000000005, 0.035, 0.010000000000000005, 0.010000000000000005, 0.17]",grasping,25776,54004792,-0.5232944491598036,-7.3441152648649215,-9.509299824429004,0.35847486051705746,-0.06314624764889092,-0.6877677257034778
"[-0.015, 0.010000000000000005, 0.035, 0.010000000000000005, 0.010000000000000005, 0.17]",grasping,25776,58004792,3.451485833644758,-20.861314157545774,5.715557215929426,1.5717815736263088,0.13392262414123457,-1.1868854421107522
"[-0.015, 0.010000000000000005, 0.035, 0.010000000000000005, 0.010000000000000005, 0.17]",grasping,25776,62004792,0.09055093652228818,-10.349888778385825,-1.4973728031035227,0.8234985971271407,-0.11875540645549139,-0.7997393508577401
"[-0.015, 0.010000000000000005, 0.035, 0.010000000000000005, 0.010000000000000005, 0.17]",grasping,25776,66004792,0.06600536584602457,-9.376756340170344,-3.124072268342619,0.7031121567070184,-0.09657347037668489,-0.7091039055795345
"[-0.015, 0.010000000000000005, 0.035, 0.010000000000000005, 0.010000000000000005, 0.17]",grasping,25776,70004792,0.14144273686806896,-8.567475099958513,-3.9477921600672943,0.6263095101110645,-0.06439396783153263,-0.7274818646095089
"[-0.015, 0.010000000000000005, 0.035, 0.010000000000000005, 0.010000000000000005, 0.17]",grasping,25776,74004792,0.0847413034026383,-9.487974653896542,-2.953071665160678,0.7193633284908658,-0.09943169434810227,-0.7154613514087617
"[-0.015, 0.010000000000000005, 0.035, 0.010000000000000005, 0.010000000000000005, 0.17]",grasping,25776,78004792,0.11893430062058385,-9.702138055287628,-2.6308528066814763,0.7439984213788413,-0.10184675870464878,-0.7218359266526959
"[-0.015, 0.010000000000000005, 0.035, 0.010000000000000005, 0.010000000000000005, 0.17]",grasping,25776,82004792,-0.07993027733366515,-9.738949923337806,-3.0608071813865463,0.7441883110108081,-0.13662370086730632,-0.7008115426804298
"[-0.015, 0.010000000000000005, 0.035, 0.010000000000000005, 0.010000000000000005, 0.17]",grasping,25776,86004792,0.11513958932848012,-9.677785532692237,-2.6654927470133973,0.7443062156465985,-0.10132015581153703,-0.7210275450988258
"[-0.015, 0.010000000000000005, 0.035, 0.010000000000000005, 0.010000000000000005, 0.17]",grasping,25776,90004792,0.17448199290040267,-9.373761540009731,-2.9718607235791348,0.6997310191598782,-0.06423259835668749,-0.7176827401349829
"[-0.015, 0.010000000000000005, 0.035, 0.010000000000000005, 0.010000000000000005, 0.17]",grasping,25776,94004792,0.09241296464740201,-9.677118006582248,-2.7555663848899137,0.7433404111799009,-0.10078505361116394,-0.7183894741560743
"[-0.015, 0.010000000000000005, 0.035, 0.010000000000000005, 0.010000000000000005, 0.17]",grasping,25776,98004792,0.12023697739712658,-9.862860692999751,-2.4565958124293044,0.7649092895163371,-0.10129188059053311,-0.7206870429271199
"[-0.015, 0.010000000000000005, 0.035, 0.010000000000000005, 0.010000000000000005, 0.17]",grasping,25776,102004792,0.14804845118151827,-10.04533882376175,-2.1595995407182302,0.7863963052811771,-0.10201080880033309,-0.7228808738983571
"[-0.015, 0.010000000000000005, 0.035, 0.010000000000000005, 0.010000000000000005, 0.17]",grasping,25776,106004792,0.20294836574459568,-10.220405336444097,-1.7849003384739373,0.8127724552034579,-0.10387557020389049,-0.7298141260923752
"[-0.015, 0.010000000000000005, 0.035, 0.010000000000000005, 0.010000000000000005, 0.17]",grasping,25776,110004792,0.20050049374887058,-10.409779617033152,-1.5775903363716726,0.8290349642259848,-0.10394592121091807,-0.727006992823237
"[-0.015, 0.010000000000000005, 0.035, 0.010000000000000005, 0.010000000000000005, 0.17]",grasping,25776,114004792,0.2561064261524547,-10.58157622322857,-1.2029129230516498,0.8553725431991477,-0.10592634070521478,-0.7338751463196844
"[-0.015, 0.010000000000000005, 0.035, 0.010000000000000005, 0.010000000000000005, 0.17]",grasping,25776,118004792,0.2812522924569596,-10.76313557195246,-0.9159427688081676,0.8765566167226513,-0.10707536281786491,-0.7357892768347551
"[-0.015, 0.010000000000000005, 0.035, 0.010000000000000005, 0.010000000000000005, 0.17]",grasping,25776,122004792,0.3076777931843352,-10.944650188159942,-0.6238202934339778,0.8979667470205807,-0.10816578337331077,-0.7377306608589252
"[-0.015, 0.010000000000000005, 0.035, 0.010000000000000005, 0.010000000000000005, 0.17]",grasping,25776,126004792,0.3339876687883221,-11.125799170723536,-0.332249775752679,0.919346184331266,-0.10928173074063696,-0.7396431151369809
"[-0.015, 0.010000000000000005, 0.035, 0.010000000000000005, 0.010000000000000005, 0.17]",grasping,25776,130004792,0.36016467916380446,-11.306580212906411,-0.04138595127124223,0.9406835240996373,-0.11041952235858127,-0.7415190787022
"[-0.015, 0.010000000000000005, 0.035, 0.010000000000000005, 0.010000000000000005, 0.17]",grasping,25776,134004792,0.3579753851783515,-11.492093649355944,0.16428520035097893,0.9567998501542594,-0.1106387120854233,-0.7385696443260701
"[-0.015, 0.010000000000000005, 0.035, 0.010000000000000005, 0.010000000000000005, 0.17]",grasping,25776,138004792,0.4127878664606597,-11.661105915196153,0.5344016646240721,0.9828638903941584,-0.11277789224418361,-0.7451653475742186
"[-0.015, 0.010000000000000005, 0.035, 0.010000000000000005, 0.010000000000000005, 0.17]",grasping,25776,142004792,0.4373689089513434,-11.841458011006837,0.8192028110512943,1.0039068862023328,-0.1140238230264749,-0.7468589709633286
"[-0.015, 0.010000000000000005, 0.035, 0.010000000000000005, 0.010000000000000005, 0.17]",grasping,25776,146004792,0.43519157251128837,-11.907279040664495,0.8989077821401654,1.0091711358373023,-0.11326545670598177,-0.7469028428022537
"[-0.015, 0.010000000000000005, 0.035, 0.010000000000000005, 0.010000000000000005, 0.17]",grasping,25776,150004792,0.477471386547085,-12.189965988311883,1.2749505178526466,1.040617486072119,-0.11875339387067767,-0.7492774428076221
"[-0.015, 0.010000000000000005, 0.035, 0.010000000000000005, 0.010000000000000005, 0.17]",grasping,25776,154004792,0.500741039667035,-12.354421266585735,1.465614098187494,1.0569950223108844,-0.11626888479714549,-0.7511668218550875
"[-0.015, 0.010000000000000005, 0.035, 0.010000000000000005, 0.010000000000000005, 0.17]",grasping,25776,158004792,0.49238238483103147,-12.509035719354781,1.5883187174803943,1.0680860453206589,-0.11676075896302057,-0.7477225858514942
"[-0.015, 0.010000000000000005, 0.035, 0.010000000000000005, 0.010000000000000005, 0.17]",grasping,25776,162004792,0.5338100475838431,-12.634097720415685,1.7974217875053577,1.0851629847033086,-0.11860349462113326,-0.7533273855614606
"[-0.015, 0.010000000000000005, 0.035, 0.010000000000000005, 0.010000000000000005, 0.17]",grasping,25776,166004792,0.5490912066079399,-12.735309081227822,1.9408661608169124,2.522905262590951,-0.11887987321779983,-0.7479538748077644
"[-0.015, 0.010000000000000005, 0.035, 0.010000000000000005, 0.010000000000000005, 0.17]",grasping,25776,170004792,0.5358197407149149,-12.872911703640174,2.0203873792141565,1.1045722953017316,-0.12020823279497118,-0.7499942830257154
"[-0.015, 0.010000000000000005, 0.035, 0.010000000000000005, 0.010000000000000005, 0.17]",grasping,25776,174004792,0.5731299348719557,-12.96590560067919,2.1903153625950953,1.1180209775830037,-0.12175812899557847,-0.7552440996157582
"[-0.015, 0.010000000000000005, 0.035, 0.010000000000000005, 0.010000000000000005, 0.17]",grasping,25776,178004792,0.5585395257157397,-13.065909799979128,2.2484903172383994,1.1231088762561032,-0.12182324229344593,-0.7510507652507113
"[-0.015, 0.010000000000000005, 0.035, 0.010000000000000005, 0.010000000000000005, 0.17]",grasping,25776,182004792,0.5687809380324994,-13.145553152907826,2.3448363300143757,1.1305347805498975,-0.12236593786023747,-0.7515242604671447
"[-0.015, 0.010000000000000005, 0.035, 0.010000000000000005, 0.010000000000000005, 0.17]",grasping,25776,186004792,0.2110350805558744,-13.248017972383373,2.5154895418438024,1.1399011628654663,-0.13381102545292212,-0.7405557938626581
"[-0.015, 0.010000000000000005, 0.035, 0.010000000000000005, 0.010000000000000005, 0.17]",grasping,25776,190004792,0.17934314697422798,-13.315875102906888,2.8626766960034686,1.1559305939548399,-0.13888726862676684,-0.7364286674912984
"[-0.015, 0.010000000000000005, 0.035, 0.010000000000000005, 0.010000000000000005, 0.17]",grasping,25776,194004792,0.19100841180411288,-13.383363598219418,2.948956366416809,1.1634917931803208,-0.14112925722248199,-0.7406655833799479
"[-0.015, 0.010000000000000005, 0.035, 0.010000000000000005, 0.010000000000000005, 0.17]",grasping,25776,198004792,0.1950969150485236,-13.443761480689263,3.0281514756187606,1.1683364493337725,-0.14122113921793705,-0.7409871285634313
"[-0.015, 0.010000000000000005, 0.035, 0.010000000000000005, 0.010000000000000005, 0.17]",grasping,25776,202004792,0.17577449516553695,-13.49350994651142,3.027739119889219,1.1674296689510721,-0.14045807045998837,-0.7366788356910791
"[-0.015, 0.010000000000000005, 0.035, 0.010000000000000005, 0.010000000000000005, 0.17]",grasping,25776,206004792,0.17716737076219047,-13.515183597788624,3.0575347327383096,1.168236491026288,-0.14066246121816767,-0.7367324764140669
"[-0.015, 0.010000000000000005, 0.035, 0.010000000000000005, 0.010000000000000005, 0.17]",grasping,25776,210004792,0.1987814650404523,-13.514292184294746,3.1213727798164665,1.1710463246278862,-0.14178530430581976,-0.7411177304531159
"[-0.015, 0.010000000000000005, 0.035, 0.010000000000000005, 0.010000000000000005, 0.17]",grasping,25776,214004792,0.1977526393815901,-13.510449460351204,3.1169452215643005,1.168830187844829,-0.14187778209644225,-0.7409198690511182
"[-0.015, 0.010000000000000005, 0.035, 0.010000000000000005, 0.010000000000000005, 0.17]",grasping,25776,218004792,0.17470401693823717,-13.501919827173314,3.0449035739559793,1.1616395770063592,-0.1409280296269948,-0.7362154301961824
"[-0.015, 0.010000000000000005, 0.035, 0.010000000000000005, 0.010000000000000005, 0.17]",grasping,25776,222004792,-0.13757568443166107,-13.425031967380953,3.4284486089255193,1.1677556002301452,-0.1514326953435103,-0.7245986972356865
"[-0.015, 0.010000000000000005, 0.035, 0.010000000000000005, 0.010000000000000005, 0.17]",grasping,25776,226004792,-0.09773476757177235,-13.480176928971979,3.137994296947898,1.157450565620913,-0.1503673443532722,-0.7253998916316111
"[-0.015, 0.010000000000000005, 0.035, 0.010000000000000005, 0.010000000000000005, 0.17]",grasping,25776,230004792,-0.0708699260017705,-13.445197273213878,3.273170133740342,1.160991551266241,-0.15176504830160015,-0.7305900226515174
"[-0.015, 0.010000000000000005, 0.035, 0.010000000000000005, 0.010000000000000005, 0.17]",grasping,25776,234004792,-0.09766890233279313,-13.430006876564516,3.136927928685896,1.1504823330899263,-0.15105180206822627,-0.7258661371970961
"[-0.015, 0.010000000000000005, 0.035, 0.010000000000000005, 0.010000000000000005, 0.17]",grasping,25776,238004792,-0.07728674917470846,-13.380727407090188,3.1645672991616465,1.1483970650423978,-0.15148392870179916,-0.7303472562755441
"[-0.015, 0.010000000000000005, 0.035, 0.010000000000000005, 0.010000000000000005, 0.17]",grasping,25776,242004792,-0.10041548521938642,-13.337572678989845,3.0246251865552907,1.1363299080726839,-0.15026096304260805,-0.7256561215036749
"[-0.015, 0.010000000000000005, 0.035, 0.010000000000000005, 0.010000000000000005, 0.17]",grasping,25776,246004792,-0.08308888494866329,-13.197375199239055,2.9479750912754987,2.5516270548822204,-0.14940428261973537,-0.7236981873432964
"[-0.015, 0.010000000000000005, 0.035, 0.010000000000000005, 0.010000000000000005, 0.17]",grasping,25776,250004792,-0.08583196699438367,-13.129362781215653,2.8828460212085254,2.5426144898114433,-0.14862018808844982,-0.7235674152773649
"[-0.015, 0.010000000000000005, 0.035, 0.010000000000000005, 0.010000000000000005, 0.17]",grasping,25776,254004792,-0.0877268973402795,-13.123054191437845,2.8295840301045736,1.1118690405185516,-0.14969379267242972,-0.7293182454196934
"[-0.015, 0.010000000000000005, 0.035, 0.010000000000000005, 0.010000000000000005, 0.17]",grasping,25776,258004792,-0.1106383600386398,-12.984530328885118,2.6068601754652025,2.517891058959803,-0.14674903609482415,-0.7183336951271069
"[-0.015, 0.010000000000000005, 0.035, 0.010000000000000005, 0.010000000000000005, 0.17]",grasping,25776,262004792,-0.10901166971038406,-12.971142143806262,2.5946233161594954,1.0880231693868638,-0.14730249903540493,-0.7244379666622089
"[-0.015, 0.010000000000000005, 0.035, 0.010000000000000005, 0.010000000000000005, 0.17]",grasping,25776,266004792,-0.11504846392617768,-12.891326382367286,2.472898820651567,1.0766428038280906,-0.1468231996050261,-0.7239937893011918
"[-0.015, 0.010000000000000005, 0.035, 0.010000000000000005, 0.010000000000000005, 0.17]",grasping,25776,271004792,-0.100825792798793,-12.758772526616333,2.3951464348630376,1.0847257436348663,-0.14595521828065045,-0.728581510852062
"[-0.015, 0.010000000000000005, 0.035, 0.010000000000000005, 0.010000000000000005, 0.17]",grasping,25776,274004792,-0.09990521758093818,-12.710630528356692,2.338329905506413,2.505469059032651,-0.14544046170188848,-0.7219575499478473
"[-0.015, 0.010000000000000005, 0.035, 0.010000000000000005, 0.010000000000000005, 0.17]",grasping,25776,278004792,-0.12239306046237347,-12.643134028883122,2.180300767597524,2.4916291687692347,-0.1436994536298823,-0.7171850547561734
"[-0.015, 0.010000000000000005, 0.035, 0.010000000000000005, 0.010000000000000005, 0.17]",grasping,25776,282004792,-0.10378412482715171,-12.556029983123649,2.156157844864447,2.485376169102304,-0.14373336124140967,-0.7215388147024356
"[-0.015, 0.010000000000000005, 0.035, 0.010000000000000005, 0.010000000000000005, 0.17]",grasping,25776,286004792,-0.1284508826288674,-12.486587767032296,1.981373080144282,2.4710545922131857,-0.14223488730974942,-0.7166297280243858
"[-0.015, 0.010000000000000005, 0.035, 0.010000000000000005, 0.010000000000000005, 0.17]",grasping,25776,290004792,-0.10949448438964338,-12.399145381588614,1.9592204752618576,2.464975446073521,-0.1423343352297462,-0.7209580144842485
"[-0.015, 0.010000000000000005, 0.035, 0.010000000000000005, 0.010000000000000005, 0.17]",grasping,25776,294004792,-0.11390465814558465,-12.325169406026937,1.8539916751159211,2.454864199452265,-0.14177126127976475,-0.7205931064267496
"[-0.015, 0.010000000000000005, 0.035, 0.010000000000000005, 0.010000000000000005, 0.17]",grasping,25776,299004792,-0.12005097597322562,-12.223585933163491,1.7014207218555946,1.0142026118867853,-0.14119215119854445,-0.7260144459172213
"[-0.015, 0.010000000000000005, 0.035, 0.010000000000000005, 0.010000000000000005, 0.17]",grasping,25776,302004792,-0.11752750117685118,-12.183192989860032,1.6873907354040938,2.4367947665221457,-0.14050460160023084,-0.720063305782873
"[-0.015, 0.010000000000000005, 0.035, 0.010000000000000005, 0.010000000000000005, 0.17]",grasping,25776,306004792,-0.12145395463300424,-12.122074595102099,1.5983141769829166,2.4281620473725747,-0.14006065727247874,-0.7197441215908542
"[-0.015, 0.010000000000000005, 0.035, 0.010000000000000005, 0.010000000000000005, 0.17]",grasping,25776,310004792,-0.14382870754886057,-12.0739576980661,1.4620418184917625,2.416909432755028,-0.13871055932516146,-0.714884584145727
"[-0.015, 0.010000000000000005, 0.035, 0.010000000000000005, 0.010000000000000005, 0.17]",grasping,25776,314004792,-0.1444761070922258,-12.020718002582454,1.405030505704202,2.4100198000693025,-0.13824994110231495,-0.7147153704098046
"[-0.015, 0.010000000000000005, 0.035, 0.010000000000000005, 0.010000000000000005, 0.17]",grasping,25776,318004792,-0.13018134470989406,-11.944987281043822,1.351780728693896,0.9764599379592065,-0.13896846578884034,-0.7248648159855758
"[-0.015, 0.010000000000000005, 0.035, 0.010000000000000005, 0.010000000000000005, 0.17]",grasping,25776,322004792,-0.1270405061966549,-11.930481586741795,1.3674074694669542,2.401592698500609,-0.13847866876501386,-0.7190304452843443
"[-0.015, 0.010000000000000005, 0.035, 0.010000000000000005, 0.010000000000000005, 0.17]",grasping,25776,326004792,-0.15012745958298573,-11.913076144780735,1.256171439398365,2.393145144053033,-0.13747143356808922,-0.714228073968211
"[-0.015, 0.010000000000000005, 0.035, 0.010000000000000005, 0.010000000000000005, 0.17]",grasping,25776,330004792,1.2836164924398732,-11.060747183872364,0.40164327304914327,2.2153622827798527,-0.01955763315370783,-0.654943351390103
"[-0.015, 0.010000000000000005, 0.035, 0.010000000000000005, 0.010000000000000005, 0.17]",grasping,25776,334004792,-0.1878024397908643,-10.611912488771564,0.683722261260665,2.2524157759786734,-0.17530111936689685,-0.6948784876479887
"[-0.015, 0.010000000000000005, 0.035, 0.010000000000000005, 0.010000000000000005, 0.17]",grasping,25776,338004792,-0.06341912841286645,-10.744850782640476,1.059332180493092,2.262188812100323,-0.16024681638441712,-0.6851775280542051
"[-0.015, 0.010000000000000005, 0.035, 0.010000000000000005, 0.010000000000000005, 0.17]",grasping,25776,342004792,0.9953119983993522,-11.073907320245578,2.2959661325255656,0.6861342953980434,-0.04183671140633197,-0.6702215785541601
"[-0.015, 0.010000000000000005, 0.035, 0.010000000000000005, 0.010000000000000005, 0.17]",grasping,25776,346004792,1.1414890613297288,-11.171451824943485,3.102876763811003,2.105827311246492,-0.03098462789656764,-0.66166196648095
"[-0.015, 0.010000000000000005, 0.035, 0.010000000000000005, 0.010000000000000005, 0.17]",grasping,25776,350004792,1.2776145087416184,-11.300956724239988,4.424762134499952,0.6599707732925653,-0.031236630805424978,-0.6694804375287104
"[-0.015, 0.010000000000000005, 0.035, 0.010000000000000005, 0.010000000000000005, 0.17]",grasping,25776,354004792,1.344655556966293,-11.419346100918382,5.442920833675851,0.6462709727154916,-0.03420353410688723,-0.6681321325796858
"[-0.015, 0.010000000000000005, 0.035, 0.010000000000000005, 0.010000000000000005, 0.17]",grasping,25776,358004792,1.3675876882768896,-11.52729436885759,6.171396850567163,2.063850564057761,-0.03730530798396273,-0.6570428525693861
"[-0.015, 0.010000000000000005, 0.035, 0.010000000000000005, 0.010000000000000005, 0.17]",grasping,25776,363004792,1.477725960227796,-11.656511628953217,7.306678557239103,0.6230379405056772,-0.03873168640349105,-0.6650550651151297
"[-0.015, 0.010000000000000005, 0.035, 0.010000000000000005, 0.010000000000000005, 0.17]",grasping,25776,366004792,1.5450580891735748,-11.775478581529935,8.128551471954818,0.6142559861551025,-0.039947866053349795,-0.6634112010396189
"[-0.015, 0.010000000000000005, 0.035, 0.010000000000000005, 0.010000000000000005, 0.17]",grasping,25776,370004792,1.5650679721917005,-11.884276428303021,8.685749103490481,2.0350371259798283,-0.04264444640566167,-0.6523875219069484
"[-0.015, 0.010000000000000005, 0.035, 0.010000000000000005, 0.010000000000000005, 0.17]",grasping,25776,374004792,1.614615852137249,-12.003932096002993,9.363667463511335,2.029591544600666,-0.04486841974563906,-0.6513543427728542
"[-0.015, 0.010000000000000005, 0.035, 0.010000000000000005, 0.010000000000000005, 0.17]",grasping,25776,378004792,1.6869411970925858,-12.114371892018259,10.034884338248789,2.0284768916332476,-0.04477935695451765,-0.6540480480574504
"[-0.015, 0.010000000000000005, 0.035, 0.010000000000000005, 0.010000000000000005, 0.17]",grasping,25776,382004792,1.7344693843063879,-12.234314694792833,10.622209231206206,2.02563974774936,-0.04639141413577842,-0.6528081087388548
"[-0.015, 0.010000000000000005, 0.035, 0.010000000000000005, 0.010000000000000005, 0.17]",grasping,25776,386004792,1.7766248338390085,-12.354295771899029,11.161962208730449,2.0241258643639184,-0.04788461458534567,-0.6516367410529372
"[-0.015, 0.010000000000000005, 0.035, 0.010000000000000005, 0.010000000000000005, 0.17]",grasping,25776,390004792,1.8158083612148395,-12.474204840612813,11.673256104775765,2.023443160898517,-0.0494972927763003,-0.6505946685506548
"[-0.015, 0.010000000000000005, 0.035, 0.010000000000000005, 0.010000000000000005, 0.17]",grasping,25776,394004792,1.7878706095186914,-12.4764747813479,11.93197353877893,2.0170324876856696,-0.053626421524013757,-0.6501722290679111
"[-0.015, 0.010000000000000005, 0.035, 0.010000000000000005, 0.010000000000000005, 0.17]",grasping,25776,398004792,1.8702235639790379,-12.722828448508224,12.51406502850423,2.0230233675835887,-0.05266010225341565,-0.6447002252099988
"[-0.015, 0.010000000000000005, 0.035, 0.010000000000000005, 0.010000000000000005, 0.17]",grasping,25776,402004792,1.9507328343125452,-12.832922983281252,13.069244517491859,2.025738809108269,-0.05007099582214876,-0.646800602803616
"[-0.015, 0.010000000000000005, 0.035, 0.010000000000000005, 0.010000000000000005, 0.17]",grasping,25776,406004792,1.9921651403127774,-12.953072715223469,13.559610956787754,2.0254244462879303,-0.05152183568600664,-0.6455737375227649
"[-0.015, 0.010000000000000005, 0.035, 0.010000000000000005, 0.010000000000000005, 0.17]",grasping,25776,410004792,2.0014039886099213,-13.08309616792529,13.949731032347884,2.022468805720739,-0.055366663439438885,-0.6408102620368298
"[-0.015, 0.010000000000000005, 0.035, 0.010000000000000005, 0.010000000000000005, 0.17]",grasping,25776,414004792,2.0502747619272466,-13.202375002101418,14.396750064814052,2.023933824731764,-0.054745327796741544,-0.639320234833872
"[-0.015, 0.010000000000000005, 0.035, 0.010000000000000005, 0.010000000000000005, 0.17]",grasping,25776,418004792,2.1336566385079196,-13.311634339329272,14.936106799350572,2.028114638712421,-0.05151420814085761,-0.6413007571656915
"[-0.015, 0.010000000000000005, 0.035, 0.010000000000000005, 0.010000000000000005, 0.17]",grasping,25776,422004792,2.1426667159125605,-13.441881459088085,15.325969827969136,2.024857706785048,-0.05597027426579847,-0.6366288201050301
"[-0.015, 0.010000000000000005, 0.035, 0.010000000000000005, 0.010000000000000005, 0.17]",grasping,25776,426004792,2.228632114941668,-13.550653761283485,15.862687078883827,2.0293710843028627,-0.05182900720785004,-0.6383419877854236
"[-0.015, 0.010000000000000005, 0.035, 0.010000000000000005, 0.010000000000000005, 0.17]",grasping,25776,430004792,2.273988429035871,-13.670687164625377,16.339862981759786,2.029220350453685,-0.052917872538999836,-0.6368755464277713
"[-0.015, 0.010000000000000005, 0.035, 0.010000000000000005, 0.010000000000000005, 0.17]",grasping,25776,434004792,2.2834750996007287,-13.800526965321499,16.70895098516548,2.0269471233544554,-0.05713406368142396,-0.6323249882682592
"[-0.015, 0.010000000000000005, 0.035, 0.010000000000000005, 0.010000000000000005, 0.17]",grasping,25776,439004792,2.3250318198319397,-13.939445085662003,17.184491034014762,0.6012816536149076,-0.05905208016745779,-0.6369226663693465
"[-0.015, 0.010000000000000005, 0.035, 0.010000000000000005, 0.010000000000000005, 0.17]",grasping,25776,442004792,2.3780830535608732,-14.058477956080043,17.618103711870965,0.603289641028309,-0.05749081274518325,-0.6351086396821849
"[-0.015, 0.010000000000000005, 0.035, 0.010000000000000005, 0.010000000000000005, 0.17]",grasping,25776,446004792,2.4369035314900724,-14.1575325068872,18.025236172750617,2.032015037775077,-0.05385401970931601,-0.6272841923677314
"[-0.015, 0.010000000000000005, 0.035, 0.010000000000000005, 0.010000000000000005, 0.17]",grasping,25776,450004792,2.478913820665273,-14.277915959897491,18.49850995270018,2.031807265063367,-0.05567705086022198,-0.6258128464265624
"[-0.015, 0.010000000000000005, 0.035, 0.010000000000000005, 0.010000000000000005, 0.17]",grasping,25776,454004792,2.5259269426126254,-14.397545646475795,18.963187354465408,2.032375368472336,-0.05627432098602117,-0.6242893740169245
"[-0.015, 0.010000000000000005, 0.035, 0.010000000000000005, 0.010000000000000005, 0.17]",grasping,25776,458004792,2.61071542079877,-14.506625986486885,19.520940002985448,2.035677004328582,-0.052777489324890264,-0.6258166867088419
"[-0.015, 0.010000000000000005, 0.035, 0.010000000000000005, 0.010000000000000005, 0.17]",grasping,25776,462004792,2.6143476169310986,-14.636932503505456,19.89999444829774,2.032829244793052,-0.05859579468425079,-0.6213203765828647
"[-0.015, 0.010000000000000005, 0.035, 0.010000000000000005, 0.010000000000000005, 0.17]",grasping,25776,466004792,2.6653669951445687,-14.755858803062935,20.346992360416834,2.0342848670755034,-0.05777467193774384,-0.6195246266203424
"[-0.015, 0.010000000000000005, 0.035, 0.010000000000000005, 0.010000000000000005, 0.17]",grasping,25776,470004792,2.7127885649054146,-14.87491595446887,20.800072741982998,2.035130033606415,-0.0579020870272607,-0.6179156802048357
"[-0.015, 0.010000000000000005, 0.035, 0.010000000000000005, 0.010000000000000005, 0.17]",grasping,25776,474004792,2.7597496327236346,-14.994202969085682,21.255475943036952,2.0359351055877304,-0.05815638595994292,-0.6162208822233055
"[-0.015, 0.010000000000000005, 0.035, 0.010000000000000005, 0.010000000000000005, 0.17]",grasping,25776,478004792,2.8064918927944404,-15.113501227949552,21.711694454919908,2.0367015824688535,-0.058470042771464364,-0.6145199245247461
"[-0.015, 0.010000000000000005, 0.035, 0.010000000000000005, 0.010000000000000005, 0.17]",grasping,25776,482004792,2.853115347396094,-15.2327364434589,22.16819665261489,2.0374457541700832,-0.05881490507656632,-0.6127457401718441
"[-0.015, 0.010000000000000005, 0.035, 0.010000000000000005, 0.010000000000000005, 0.17]",grasping,25776,486004792,2.899716988438141,-15.351907336639098,22.62481552930383,2.038166049167965,-0.059174489006066824,-0.611023207917718
"[-0.015, 0.010000000000000005, 0.035, 0.010000000000000005, 0.010000000000000005, 0.17]",grasping,25776,490004792,2.94629850810182,-15.471054718821126,23.0814843715645,2.0388776002334303,-0.059547528130339034,-0.6092845693446027
"[-0.015, 0.010000000000000005, 0.035, 0.010000000000000005, 0.010000000000000005, 0.17]",grasping,25776,494004792,3.033392858187844,-15.600603651242668,23.72236474277048,0.6161509192103024,-0.054036533848590015,-0.6159312070596102
"[-0.015, 0.010000000000000005, 0.035, 0.010000000000000005, 0.010000000000000005, 0.17]",grasping,25776,498004792,3.078579135968332,-15.69936189198345,24.118513960438335,2.041379096508819,-0.05703224566588812,-0.6087162003727646
"[-0.015, 0.010000000000000005, 0.035, 0.010000000000000005, 0.010000000000000005, 0.17]",grasping,25776,502004792,3.0765124459899598,-15.82897940026988,24.478522672929255,2.0395963597967657,-0.06290146770991707,-0.6042494875228679
"[-0.015, 0.010000000000000005, 0.035, 0.010000000000000005, 0.010000000000000005, 0.17]",grasping,25776,506004792,3.0786670727998944,-15.819716277278644,24.760222765226565,2.038550545544986,-0.062391301967956336,-0.6067165691316992
"[-0.015, 0.010000000000000005, 0.035, 0.010000000000000005, 0.010000000000000005, 0.17]",grasping,25776,510004792,3.2380219037473847,-16.053753503534843,25.421859322560326,2.046123545503897,-0.054793594445843224,-0.6035543079081791
"[-0.015, 0.010000000000000005, 0.035, 0.010000000000000005, 0.010000000000000005, 0.17]",grasping,25776,514004792,3.2236259741122506,-16.18548491023443,25.819674151112793,2.042663062423757,-0.062450324682012004,-0.5985739923532563
"[-0.015, 0.010000000000000005, 0.035, 0.010000000000000005, 0.010000000000000005, 0.17]",grasping,25776,518004792,3.272437265739773,-16.304400600999447,26.278014717889974,2.043652408000818,-0.06235799811765155,-0.5966515605891288
"[-0.015, 0.010000000000000005, 0.035, 0.010000000000000005, 0.010000000000000005, 0.17]",grasping,25776,522004792,3.318873532526962,-16.423375820563383,26.735087109015502,2.044282243204549,-0.06285454700109427,-0.5947757314745479
"[-0.015, 0.010000000000000005, 0.035, 0.010000000000000005, 0.010000000000000005, 0.17]",grasping,25776,526004792,3.406068269646006,-16.552787410510966,27.37658193856155,0.621533551754001,-0.057465814952550875,-0.6011476672901456
"[-0.015, 0.010000000000000005, 0.035, 0.010000000000000005, 0.010000000000000005, 0.17]",grasping,25776,530004792,3.4045874938526577,-16.66175320870753,27.667891464899725,2.0444852152361577,-0.06556519860463551,-0.5911743515643274
"[-0.015, 0.010000000000000005, 0.035, 0.010000000000000005, 0.010000000000000005, 0.17]",grasping,25776,534004792,3.497293077211786,-16.79063583615363,28.29622958556555,0.6225685432362885,-0.05883196825728354,-0.597309770578374
"[-0.015, 0.010000000000000005, 0.035, 0.010000000000000005, 0.010000000000000005, 0.17]",grasping,25776,538004792,3.5429528096787233,-16.8891383208561,28.689267792265156,2.0478259035685897,-0.061838503516905965,-0.5899342229240663
"[-0.015, 0.010000000000000005, 0.035, 0.010000000000000005, 0.010000000000000005, 0.17]",grasping,25776,542004792,3.4904180806425926,-16.890618280700355,28.888200321822147,2.043383415226559,-0.06831296666431934,-0.5898570662768708
"[-0.015, 0.010000000000000005, 0.035, 0.010000000000000005, 0.010000000000000005, 0.17]",grasping,25776,546004792,3.6064957278282943,-17.135733786381582,29.4658571340346,2.0488487546577545,-0.06427094867698263,-0.5830293282845798
"[-0.015, 0.010000000000000005, 0.035, 0.010000000000000005, 0.010000000000000005, 0.17]",grasping,25776,550004792,3.645245618838918,-17.255161603738195,29.927506615880493,2.048792181095816,-0.06615887557973063,-0.5810756831657458
"[-0.015, 0.010000000000000005, 0.035, 0.010000000000000005, 0.010000000000000005, 0.17]",grasping,25776,554004792,3.691287619032518,-17.374035840129398,30.3872527838731,2.0493014066211943,-0.06684787382969486,-0.579078150341288
"[-0.015, 0.010000000000000005, 0.035, 0.010000000000000005, 0.010000000000000005, 0.17]",grasping,25776,558004792,3.7376019351837857,-17.49281950303667,30.844867493762358,2.0498536780300545,-0.06746676931748491,-0.5770459700777752
"[-0.015, 0.010000000000000005, 0.035, 0.010000000000000005, 0.010000000000000005, 0.17]",grasping,25776,562004792,3.8303381214579453,-17.60126582249937,31.406426197067454,2.052656333018218,-0.06316308251520623,-0.5775698982151095
"[-0.015, 0.010000000000000005, 0.035, 0.010000000000000005, 0.010000000000000005, 0.17]",grasping,25776,566004792,3.869540063957092,-17.720534509738773,31.88245280835102,2.0521689077952123,-0.06551853106433843,-0.5756803081941798
"[-0.015, 0.010000000000000005, 0.035, 0.010000000000000005, 0.010000000000000005, 0.17]",grasping,25776,570004792,3.867411937869136,-17.849506889749662,32.24189676612899,2.050218815861376,-0.07147887360509883,-0.5710607151723335
"[-0.015, 0.010000000000000005, 0.035, 0.010000000000000005, 0.010000000000000005, 0.17]",grasping,25776,574004792,3.9617108321228534,-17.9779318865401,32.86509603144653,0.6283907529229129,-0.06450344281997705,-0.5769532376774077
"[-0.015, 0.010000000000000005, 0.035, 0.010000000000000005, 0.010000000000000005, 0.17]",grasping,25776,578004792,4.007563852487987,-18.076531220466304,33.25693374117367,2.0537060408483168,-0.06760161959301404,-0.5693572468411116
"[-0.015, 0.010000000000000005, 0.035, 0.010000000000000005, 0.010000000000000005, 0.17]",grasping,25776,582004792,4.042264850901811,-18.214481884233553,33.74819270794704,0.6269827802585451,-0.0710719538793137,-0.5734414102348389
"[-0.015, 0.010000000000000005, 0.035, 0.010000000000000005, 0.010000000000000005, 0.17]",grasping,25776,586004792,4.059311045898063,-18.323495306039298,34.05325579111958,2.053380349034031,-0.07244980219027183,-0.562291391812648
"[-0.015, 0.010000000000000005, 0.035, 0.010000000000000005, 0.010000000000000005, 0.17]",grasping,25776,590004792,4.154113320792649,-18.43171774265279,34.60780141642132,2.0564028616081376,-0.06775946038804202,-0.5626910536383127
"[-0.015, 0.010000000000000005, 0.035, 0.010000000000000005, 0.010000000000000005, 0.17]",grasping,25776,594004792,4.194146987357161,-18.55079597757731,35.080887823153006,2.0559751315802592,-0.07001741807591862,-0.5606778416911118
"[-0.015, 0.010000000000000005, 0.035, 0.010000000000000005, 0.010000000000000005, 0.17]",grasping,25776,598004792,4.23684327882547,-18.689570144819342,35.61876178063135,0.6310452265051157,-0.06933268898113308,-0.563959886835918
"[-0.015, 0.010000000000000005, 0.035, 0.010000000000000005, 0.010000000000000005, 0.17]",grasping,25776,602004792,4.187046850341128,-18.670050828876082,35.73788317805858,2.051904884430254,-0.07742558153214861,-0.5582856007580117
"[-0.015, 0.010000000000000005, 0.035, 0.010000000000000005, 0.010000000000000005, 0.17]",grasping,25776,606004792,4.350159415109932,-18.90473981265007,36.41941316732624,2.059459414161043,-0.0685339893563168,-0.553691823165656
"[-0.015, 0.010000000000000005, 0.035, 0.010000000000000005, 0.010000000000000005, 0.17]",grasping,25776,610004792,4.381784302510352,-19.024489660980798,36.899815134813295,2.0582787090741066,-0.07235095111116546,-0.5516650628280017
"[-0.015, 0.010000000000000005, 0.035, 0.010000000000000005, 0.010000000000000005, 0.17]",grasping,25776,614004792,4.425752717951764,-19.143123076488294,37.366830920413534,2.0584164587604423,-0.07364746404701854,-0.5494324376731949
"[-0.015, 0.010000000000000005, 0.035, 0.010000000000000005, 0.010000000000000005, 0.17]",grasping,25776,618004792,4.424408580841611,-19.27187010775957,37.722352088216546,2.0565424410200044,-0.07954711894975551,-0.5446162292752436
"[-0.015, 0.010000000000000005, 0.035, 0.010000000000000005, 0.010000000000000005, 0.17]",grasping,25776,622004792,4.5243930261976635,-19.37929507889835,38.26603851189874,2.0602428920521043,-0.07366156882436387,-0.5446221958542192
"[-0.015, 0.010000000000000005, 0.035, 0.010000000000000005, 0.010000000000000005, 0.17]",grasping,25776,626004792,4.565477139821435,-19.498069486808028,38.734842994124605,2.059907732944037,-0.07575784142971127,-0.5424500423918169
"[-0.015, 0.010000000000000005, 0.035, 0.010000000000000005, 0.010000000000000005, 0.17]",grasping,25776,630004792,4.600234931300824,-19.635627857632517,39.225309264436156,0.6331017527434704,-0.07934793425265342,-0.5463214395023197
"[-0.015, 0.010000000000000005, 0.035, 0.010000000000000005, 0.010000000000000005, 0.17]",grasping,25776,634004792,4.617359994433092,-19.74445670895631,39.53001122600517,2.059452455750157,-0.08080388539945842,-0.5350348523006325
"[-0.015, 0.010000000000000005, 0.035, 0.010000000000000005, 0.010000000000000005, 0.17]",grasping,25776,638004792,4.712358156877948,-19.852256998228793,40.08435121660433,2.0623791534045264,-0.0762349737257236,-0.5351180252782053
"[-0.015, 0.010000000000000005, 0.035, 0.010000000000000005, 0.010000000000000005, 0.17]",grasping,25776,642004792,4.7057376336105605,-19.981362696867723,40.452125232911115,2.0596601341739103,-0.0835388167864135,-0.5304042188792746
"[-0.015, 0.010000000000000005, 0.035, 0.010000000000000005, 0.010000000000000005, 0.17]",grasping,25776,646004792,4.790873938495851,-20.107950732200248,41.03318071702096,0.6356157269198335,-0.08128868930646452,-0.5366098170100269
"[-0.015, 0.010000000000000005, 0.035, 0.010000000000000005, 0.010000000000000005, 0.17]",grasping,25776,650004792,4.8059699029911265,-20.217150643001784,41.3465634223199,2.061565783194032,-0.08339573784682279,-0.5253424932205282
"[-0.015, 0.010000000000000005, 0.035, 0.010000000000000005, 0.010000000000000005, 0.17]",grasping,25776,654004792,4.853178789491224,-20.33526567393054,41.80060914439278,2.0620794505650784,-0.08406431040023897,-0.5228729234496206
"[-0.015, 0.010000000000000005, 0.035, 0.010000000000000005, 0.010000000000000005, 0.17]",grasping,25776,658004792,4.900062261713792,-20.45339227166574,42.25579995764734,2.0625454558742335,-0.08481493313502902,-0.5203983068972788
"[-0.015, 0.010000000000000005, 0.035, 0.010000000000000005, 0.010000000000000005, 0.17]",grasping,25776,662004792,4.993292398575731,-20.560964099006807,42.81631859937811,2.0651732339667244,-0.08071289631657717,-0.5203814608280555
"[-0.015, 0.010000000000000005, 0.035, 0.010000000000000005, 0.010000000000000005, 0.17]",grasping,25776,666004792,4.98598018157177,-20.690169888616495,43.18657997931028,2.0623512609875063,-0.08821372032731768,-0.5156066272848544
"[-0.015, 0.010000000000000005, 0.035, 0.010000000000000005, 0.010000000000000005, 0.17]",grasping,25776,670004792,4.987109364074616,-20.679526653410456,43.47214489247969,2.0608921852363298,-0.08821303460757367,-0.517477271720208
"[-0.015, 0.010000000000000005, 0.035, 0.010000000000000005, 0.010000000000000005, 0.17]",grasping,25776,674004792,5.144167116019354,-20.914137600445653,44.165813771492616,2.067532378479618,-0.08106799625386896,-0.5126528817629952
"[-0.015, 0.010000000000000005, 0.035, 0.010000000000000005, 0.010000000000000005, 0.17]",grasping,25776,678004792,5.1276627562283545,-21.043809751512164,44.546066509891034,2.0638184559062185,-0.09029352805160794,-0.5079221658248763
"[-0.015, 0.010000000000000005, 0.035, 0.010000000000000005, 0.010000000000000005, 0.17]",grasping,25776,682004792,5.2251708608892,-21.15118823054892,45.100653064331084,2.0670671050602483,-0.08518350878714516,-0.5076075385910168
"[-0.015, 0.010000000000000005, 0.035, 0.010000000000000005, 0.010000000000000005, 0.17]",grasping,25776,686004792,5.167429749278689,-21.151674763415627,45.309559868539885,2.061584206751764,-0.09311376663385418,-0.5074586101431385
"[-0.015, 0.010000000000000005, 0.035, 0.010000000000000005, 0.010000000000000005, 0.17]",grasping,25776,690004792,5.282564687308408,-21.39638380091284,45.89034635254407,2.0666689110544425,-0.08977269010131367,-0.4999309116684607
"[-0.015, 0.010000000000000005, 0.035, 0.010000000000000005, 0.010000000000000005, 0.17]",grasping,25776,694004792,5.320732978677848,-21.515011296090442,46.353079318174494,2.06633796849209,-0.09217065085018711,-0.49733682463107864
"[-0.015, 0.010000000000000005, 0.035, 0.010000000000000005, 0.010000000000000005, 0.17]",grasping,25776,698004792,5.413311008379121,-21.622727774305623,46.918030816300885,2.0688212677518654,-0.08835957659456127,-0.49709039450493975
"[-0.015, 0.010000000000000005, 0.035, 0.010000000000000005, 0.010000000000000005, 0.17]",grasping,25776,703004792,5.44107900351588,-21.760212867351548,47.42601848315181,0.6408475565616014,-0.09386758387660953,-0.5008001076721429
"[-0.015, 0.010000000000000005, 0.035, 0.010000000000000005, 0.010000000000000005, 0.17]",grasping,25776,706004792,5.456977773908658,-21.868835415599072,47.73446198066034,2.0669462821915117,-0.09571868397833395,-0.48942450451079633
"[-0.015, 0.010000000000000005, 0.035, 0.010000000000000005, 0.010000000000000005, 0.17]",grasping,25776,710004792,5.504655877800365,-21.986516529404557,48.186173379181874,2.067442577699472,-0.09640429347052935,-0.48671197162792523
"[-0.015, 0.010000000000000005, 0.035, 0.010000000000000005, 0.010000000000000005, 0.17]",grasping,25776,714004792,5.551688904122139,-22.104253681201413,48.64047079675852,2.0678435651410743,-0.0972529710784555,-0.4839957844814321
"[-0.015, 0.010000000000000005, 0.035, 0.010000000000000005, 0.010000000000000005, 0.17]",grasping,25776,718004792,5.598471462790546,-22.221990838905743,49.09571726846696,2.0682014933103967,-0.09817255926437068,-0.48126783165894715
"[-0.015, 0.010000000000000005, 0.035, 0.010000000000000005, 0.010000000000000005, 0.17]",grasping,25776,722004792,5.645152452950992,-22.339708659466865,49.55131712971489,2.068538739149017,-0.09912553543419826,-0.478524508965818
"[-0.015, 0.010000000000000005, 0.035, 0.010000000000000005, 0.010000000000000005, 0.17]",grasping,25776,726004792,5.691788399412382,-22.45740065219687,50.00705249846688,2.0688634506943817,-0.10009819483807433,-0.4757648520756712
"[-0.015, 0.010000000000000005, 0.035, 0.010000000000000005, 0.010000000000000005, 0.17]",grasping,25776,730004792,5.785280164543482,-22.56480415617642,50.56806849527767,2.0714123494517946,-0.09616783324846051,-0.475315997904839
"[-0.015, 0.010000000000000005, 0.035, 0.010000000000000005, 0.010000000000000005, 0.17]",grasping,25776,734004792,5.7774909493868645,-22.693270426053495,50.93796376672183,2.068415234771127,-0.10389218458872224,-0.47037290709666907
"[-0.015, 0.010000000000000005, 0.035, 0.010000000000000005, 0.010000000000000005, 0.17]",grasping,25776,738004792,5.876337661286947,-22.800139052934473,51.48743803517316,2.0717262209483227,-0.09863152457174809,-0.46973949435593415
"[-0.015, 0.010000000000000005, 0.035, 0.010000000000000005, 0.010000000000000005, 0.17]",grasping,25776,742004792,5.8695903187612695,-22.92845031394274,51.8528728993891,2.0688805097108656,-0.10613287741185516,-0.46474804942840436
"[-0.015, 0.010000000000000005, 0.035, 0.010000000000000005, 0.010000000000000005, 0.17]",grasping,25776,746004792,5.096326457435925,-23.221058412377168,50.90778958849471,2.047828296841866,-0.12905989083785901,-0.4673961360208212
"[-0.015, 0.010000000000000005, 0.035, 0.010000000000000005, 0.010000000000000005, 0.17]",grasping,25776,750004792,4.9322359792619075,-23.292571825047066,53.1187582944209,2.150043227601858,-0.09251650460254483,-0.45673680875528133
"[-0.015, 0.010000000000000005, 0.035, 0.010000000000000005, 0.010000000000000005, 0.17]",grasping,25776,754004792,4.682174736906092,-23.41765609384051,53.73905776072135,2.1372262625255676,-0.14037545876435592,-0.46541870620263287
"[-0.015, 0.010000000000000005, 0.035, 0.010000000000000005, 0.010000000000000005, 0.17]",grasping,25776,758004792,4.702518835028574,-23.523084942152305,54.36512444223657,2.1369575289306386,-0.1483312184606,-0.46746010107759184
"[-0.015, 0.010000000000000005, 0.035, 0.010000000000000005, 0.010000000000000005, 0.17]",grasping,25776,762004792,4.675384394529754,-23.648350794724927,54.64399885542185,2.1329798932985646,-0.15236331317037455,-0.46268201916939006
"[-0.015, 0.010000000000000005, 0.035, 0.010000000000000005, 0.010000000000000005, 0.17]",grasping,25776,766004792,4.718679667351607,-23.770734149889275,55.29557456691745,0.7135161123741546,-0.15781583548146072,-0.4687589455569334
"[-0.015, 0.010000000000000005, 0.035, 0.010000000000000005, 0.010000000000000005, 0.17]",grasping,25776,770004792,4.76303944488699,-23.86702123865821,55.72417977287939,2.13623947020838,-0.1577929344344201,-0.460315922683708
"[-0.015, 0.010000000000000005, 0.035, 0.010000000000000005, 0.010000000000000005, 0.17]",grasping,25776,774004792,4.754572612714797,-23.992652684378438,56.003028146474534,2.1336334244300432,-0.15941490928919513,-0.4548789114311823
"[-0.015, 0.010000000000000005, 0.035, 0.010000000000000005, 0.010000000000000005, 0.17]",grasping,25776,778004792,4.792093339371871,-24.107116724118487,56.46223959157106,2.1348023879773157,-0.1604012795395154,-0.4519375438809953
"[-0.015, 0.010000000000000005, 0.035, 0.010000000000000005, 0.010000000000000005, 0.17]",grasping,25776,782004792,4.825193568865761,-24.222328389289235,56.918009132474474,2.135016116885538,-0.16213521275673248,-0.44918298751704255
"[-0.015, 0.010000000000000005, 0.035, 0.010000000000000005, 0.010000000000000005, 0.17]",grasping,25776,786004792,4.858822274807277,-24.33762197142576,57.374159751139025,2.135206136899308,-0.16384863043674575,-0.44637439470122237
"[-0.015, 0.010000000000000005, 0.035, 0.010000000000000005, 0.010000000000000005, 0.17]",grasping,25776,790004792,4.930635602374827,-24.442393966471084,58.00634429256131,2.138204308173964,-0.16603802051753386,-0.4462219993277623
"[-0.015, 0.010000000000000005, 0.035, 0.010000000000000005, 0.010000000000000005, 0.17]",grasping,25776,794004792,4.921129689400684,-24.568884403100068,58.28342582002892,2.134555894022328,-0.16814443999379328,-0.44081894528993026
"[-0.015, 0.010000000000000005, 0.035, 0.010000000000000005, 0.010000000000000005, 0.17]",grasping,25776,798004792,4.999100622461374,-24.672973354232088,58.91991379464711,2.1384792068961804,-0.16947323186540214,-0.4403837172720914
"[-0.015, 0.010000000000000005, 0.035, 0.010000000000000005, 0.010000000000000005, 0.17]",grasping,25776,802004792,4.990260811836987,-24.79931145437221,59.19710234948607,2.1348041186942366,-0.17152071031087485,-0.43496717765792436
"[-0.015, 0.010000000000000005, 0.035, 0.010000000000000005, 0.010000000000000005, 0.17]",grasping,25776,806004792,5.068542503326617,-24.9032917418896,59.833680506800285,2.138702281347278,-0.17284217663617782,-0.4344945785721035
"[-0.015, 0.010000000000000005, 0.035, 0.010000000000000005, 0.010000000000000005, 0.17]",grasping,25776,810004792,4.992938762746701,-24.899910407022006,59.81485790140083,2.1373709311030087,-0.18230625060010042,-0.434750153097503
"[-0.015, 0.010000000000000005, 0.035, 0.010000000000000005, 0.010000000000000005, 0.17]",grasping,25776,814004792,5.155379000304467,-25.13185460468705,60.761050701431884,2.1400452379923,-0.17388497460789526,-0.42829358632841114
"[-0.015, 0.010000000000000005, 0.035, 0.010000000000000005, 0.010000000000000005, 0.17]",grasping,25776,818004792,5.162741713848768,-25.26654419297218,61.20082336957341,0.7113785795240744,-0.1799858747046697,-0.4317333769606345
"[-0.015, 0.010000000000000005, 0.035, 0.010000000000000005, 0.010000000000000005, 0.17]",grasping,25776,822004792,5.208536755592276,-25.36327949762852,61.66132525113489,2.1389924049415896,-0.1795957806737703,-0.42255090969159637
"[-0.015, 0.010000000000000005, 0.035, 0.010000000000000005, 0.010000000000000005, 0.17]",grasping,25776,826004792,5.23753906838356,-25.478790768280323,62.114384918481235,2.1380568598333376,-0.18222800263013372,-0.41970103780962575
"[-0.015, 0.010000000000000005, 0.035, 0.010000000000000005, 0.010000000000000005, 0.17]",grasping,25776,830004792,5.234341306795748,-25.60406854894226,62.39535956528127,2.1352167718907884,-0.18350309264712283,-0.4139715711974937
"[-0.015, 0.010000000000000005, 0.035, 0.010000000000000005, 0.010000000000000005, 0.17]",grasping,25776,835004792,5.303348089782788,-25.725380406087787,63.026407499105076,0.7118508619597852,-0.18673458359156767,-0.41952657756506967
"[-0.015, 0.010000000000000005, 0.035, 0.010000000000000005, 0.010000000000000005, 0.17]",grasping,25776,838004792,5.310741027749861,-25.832613766012464,63.313006961855045,2.1361717911499327,-0.18602604443956616,-0.40768783015359283
"[-0.015, 0.010000000000000005, 0.035, 0.010000000000000005, 0.010000000000000005, 0.17]",grasping,25776,842004792,5.345832551073237,-25.94718713741641,63.76977810049611,2.1361491369741694,-0.18777501319445106,-0.4046183695902544
"[-0.015, 0.010000000000000005, 0.035, 0.010000000000000005, 0.010000000000000005, 0.17]",grasping,25776,846004792,5.408529708875477,-26.069053252581156,64.3974236824933,0.7117142697419172,-0.192003184151053,-0.4102233121425756
"[-0.015, 0.010000000000000005, 0.035, 0.010000000000000005, 0.010000000000000005, 0.17]",grasping,25776,850004792,5.3496262251562765,-26.046399723477563,64.38503455620204,2.1384890150067557,-0.19860911771136128,-0.4042719907997906
"[-0.015, 0.010000000000000005, 0.035, 0.010000000000000005, 0.010000000000000005, 0.17]",grasping,25776,854004792,5.46751055062429,-26.288893124810706,65.15301722118386,2.137248606735072,-0.19087422813835603,-0.39511548391232165
"[-0.015, 0.010000000000000005, 0.035, 0.010000000000000005, 0.010000000000000005, 0.17]",grasping,25776,859004792,5.49091432768883,-26.411941175888,65.7346828461118,0.7127820361458576,-0.19992130773451344,-0.4010021316359372
"[-0.015, 0.010000000000000005, 0.035, 0.010000000000000005, 0.010000000000000005, 0.17]",grasping,25776,862004792,5.5310726397083405,-26.508171507284402,66.17615042748652,2.140009322164195,-0.20113162119196473,-0.39204315862079625
"[-0.015, 0.010000000000000005, 0.035, 0.010000000000000005, 0.010000000000000005, 0.17]",grasping,25776,866004792,5.531613374234349,-26.633216236887016,66.45600277906668,2.136089235795946,-0.20220573785833582,-0.38640319017252395
"[-0.015, 0.010000000000000005, 0.035, 0.010000000000000005, 0.010000000000000005, 0.17]",grasping,25776,870004792,5.609708729425606,-26.753905710995372,67.13332923575346,0.7152957113072925,-0.2042759801957152,-0.3905096895563856
"[-0.015, 0.010000000000000005, 0.035, 0.010000000000000005, 0.010000000000000005, 0.17]",grasping,25776,874004792,5.635209743792212,-26.859392737139817,67.39695624695503,2.1347275264109458,-0.20207868046099223,-0.37873277917564663
"[-0.015, 0.010000000000000005, 0.035, 0.010000000000000005, 0.010000000000000005, 0.17]",grasping,25776,878004792,5.692648698105138,-26.971445333592108,67.87187968851799,2.134727689308171,-0.20081638285392026,-0.37458443600868957
"[-0.015, 0.010000000000000005, 0.035, 0.010000000000000005, 0.010000000000000005, 0.17]",grasping,25776,882004792,5.74164586437848,-27.083535473818543,68.346453067401,2.133992966431152,-0.2014526790013335,-0.3708125389737012
"[-0.015, 0.010000000000000005, 0.035, 0.010000000000000005, 0.010000000000000005, 0.17]",grasping,25776,886004792,5.828195486395131,-27.184808237986008,68.99099807735158,2.135890877563367,-0.2016787588801091,-0.3694308377961752
"[-0.015, 0.010000000000000005, 0.035, 0.010000000000000005, 0.010000000000000005, 0.17]",grasping,25776,890004792,5.866069268527598,-27.313723393442498,69.46703765449301,0.7075032255122276,-0.20489127530822127,-0.3716558702774106
"[-0.015, 0.010000000000000005, 0.035, 0.010000000000000005, 0.010000000000000005, 0.17]",grasping,25776,894004792,5.9089930220558555,-27.407810560982668,69.92357735199342,2.1346037751662394,-0.20357686236931063,-0.362099625779692
"[-0.015, 0.010000000000000005, 0.035, 0.010000000000000005, 0.010000000000000005, 0.17]",grasping,25776,898004792,5.782623843965582,-27.520413839358373,70.24311518728965,2.1392749599482483,-0.22606636794697035,-0.3636841943369303
"[-0.015, 0.010000000000000005, 0.035, 0.010000000000000005, 0.010000000000000005, 0.17]",grasping,25776,902004792,5.784287310434707,-27.643521039949015,70.48240743441559,2.1328204694031623,-0.22751228483258756,-0.35792875933708457
"[-0.015, 0.010000000000000005, 0.035, 0.010000000000000005, 0.010000000000000005, 0.17]",grasping,25776,906004792,5.822845879672729,-27.753302030277617,70.90061714108678,2.1338855365825307,-0.22868071208872168,-0.35458377101244315
"[-0.015, 0.010000000000000005, 0.035, 0.010000000000000005, 0.010000000000000005, 0.17]",grasping,25776,910004792,5.873063993100475,-27.86388222622767,71.288640940942,2.1369523106573696,-0.22864710035171976,-0.35054084898867033
"[-0.015, 0.010000000000000005, 0.035, 0.010000000000000005, 0.010000000000000005, 0.17]",grasping,25776,914004792,5.927193482644533,-27.98178720622195,71.84572813919603,0.7124824442661103,-0.2334951238041898,-0.35545801981549013
"[-0.015, 0.010000000000000005, 0.035, 0.010000000000000005, 0.010000000000000005, 0.17]",grasping,25776,918004792,5.948265094892919,-28.08589607793543,72.12188913551176,2.1364082588057505,-0.23126379031148425,-0.343663026493017
"[-0.015, 0.010000000000000005, 0.035, 0.010000000000000005, 0.010000000000000005, 0.17]",grasping,25776,922004792,5.974156784760712,-28.196011333275802,72.49193427849164,2.139539185603475,-0.23554622726053542,-0.3404571255856313
"[-0.015, 0.010000000000000005, 0.035, 0.010000000000000005, 0.010000000000000005, 0.17]",grasping,25776,926004792,6.0429118101876,-28.295866541485502,73.05324607109975,2.1415187290005138,-0.23662134244789707,-0.33877763724975135
"[-0.015, 0.010000000000000005, 0.035, 0.010000000000000005, 0.010000000000000005, 0.17]",grasping,25776,930004792,6.090242996662495,-28.40484090766312,73.51494514251203,2.140774745304704,-0.23771170454717405,-0.3350233011522989
"[-0.015, 0.010000000000000005, 0.035, 0.010000000000000005, 0.010000000000000005, 0.17]",grasping,25776,934004792,6.07894040767913,-28.525207938200523,73.76010481350866,2.137763800996863,-0.24156080812891756,-0.3296446007073951
"[-0.015, 0.010000000000000005, 0.035, 0.010000000000000005, 0.010000000000000005, 0.17]",grasping,25776,938004792,6.14716623157675,-28.62345968102257,74.32306506982756,2.1409046128863203,-0.2428813630928302,-0.32804266313433156
"[-0.015, 0.010000000000000005, 0.035, 0.010000000000000005, 0.010000000000000005, 0.17]",grasping,25776,942004792,6.1951053630295565,-28.732514090183816,74.7926257290112,2.1390210402054315,-0.2438043500364646,-0.32409702700693505
"[-0.015, 0.010000000000000005, 0.035, 0.010000000000000005, 0.010000000000000005, 0.17]",grasping,25776,946004792,6.212877132662884,-28.84186317565167,75.1892292523082,2.1390209152304243,-0.2480503673794155,-0.3209469645556137
"[-0.015, 0.010000000000000005, 0.035, 0.010000000000000005, 0.010000000000000005, 0.17]",grasping,25776,950004792,6.2266074926822474,-28.96050300954409,75.46632028558986,2.135526228604691,-0.24787066077029118,-0.31512350315160953
"[-0.015, 0.010000000000000005, 0.035, 0.010000000000000005, 0.010000000000000005, 0.17]",grasping,25776,954004792,6.284562057442041,-29.07484018829788,76.04298722294949,0.7118113480073806,-0.25228596390283387,-0.3193678630564617
"[-0.015, 0.010000000000000005, 0.035, 0.010000000000000005, 0.010000000000000005, 0.17]",grasping,25776,958004792,6.315106361686942,-29.167161635287876,76.43917934754984,2.139543463971849,-0.2541218189707124,-0.3101701768481208
"[-0.015, 0.010000000000000005, 0.035, 0.010000000000000005, 0.010000000000000005, 0.17]",grasping,25776,962004792,6.350190432838861,-29.27607709226154,76.86364906387516,2.1382872628489293,-0.25629163815108585,-0.3065384285952016
"[-0.015, 0.010000000000000005, 0.035, 0.010000000000000005, 0.010000000000000005, 0.17]",grasping,25776,966004792,6.357278512811456,-29.394642624789835,77.13516332732769,2.135007297446858,-0.25682950840351804,-0.3008265668077312
"[-0.015, 0.010000000000000005, 0.035, 0.010000000000000005, 0.010000000000000005, 0.17]",grasping,25776,970004792,6.389463299251875,-29.502445589777253,77.54473322551067,2.1362826597942917,-0.25922260679507647,-0.29716887455168284
"[-0.015, 0.010000000000000005, 0.035, 0.010000000000000005, 0.010000000000000005, 0.17]",grasping,25776,974004792,6.4509309658902225,-29.603227380724455,78.10455336169657,2.1390092036777255,-0.2623028135850993,-0.2960489829415164
"[-0.015, 0.010000000000000005, 0.035, 0.010000000000000005, 0.010000000000000005, 0.17]",grasping,25776,978004792,6.461589846507603,-29.720612248248678,78.38294834510286,2.1348031520183426,-0.2630204159720128,-0.2897109280852603
"[-0.015, 0.010000000000000005, 0.035, 0.010000000000000005, 0.010000000000000005, 0.17]",grasping,25776,982004792,6.508061761215391,-29.828121000787746,78.811121888525,2.1353226306454576,-0.26362045948754637,-0.2856045563042139
"[-0.015, 0.010000000000000005, 0.035, 0.010000000000000005, 0.010000000000000005, 0.17]",grasping,25776,986004792,6.563278093753812,-29.92624888954828,79.36203974979625,2.1379098581156004,-0.2677954165400602,-0.2842380381200159
"[-0.015, 0.010000000000000005, 0.035, 0.010000000000000005, 0.010000000000000005, 0.17]",grasping,25776,990004792,6.575226936084454,-30.04455179875334,79.63911079345868,2.133748280317554,-0.2681731076661328,-0.27838784945420514
"[-0.015, 0.010000000000000005, 0.035, 0.010000000000000005, 0.010000000000000005, 0.17]",grasping,25776,994004792,6.645197975160537,-30.142671494286464,80.21448382119488,2.1371112457660004,-0.27036922883946457,-0.27645058068934925
"[-0.015, 0.010000000000000005, 0.035, 0.010000000000000005, 0.010000000000000005, 0.17]",grasping,25776,998004792,6.669665720783056,-30.250842352471043,80.61764895831944,2.136252751624523,-0.27417096408405006,-0.27286563962454413
"[-0.015, 0.010000000000000005, 0.035, 0.010000000000000005, 0.010000000000000005, 0.17]",grasping,25777,2004792,6.71030935829629,-30.358425809318426,81.04096883282097,2.1356515949428454,-0.27555116017104875,-0.26890676119213514
"[-0.015, 0.010000000000000005, 0.035, 0.010000000000000005, 0.010000000000000005, 0.17]",grasping,25777,6004792,6.750697385058815,-30.466078746726193,81.47108207217346,2.1350916069216996,-0.2768091269168673,-0.26498862077129504
"[-0.015, 0.010000000000000005, 0.035, 0.010000000000000005, 0.010000000000000005, 0.17]",grasping,25777,10004792,6.775843836578245,-30.573682226321665,81.868851098557,2.1352202604738895,-0.28034401714649476,-0.26136658607571467
"[-0.015, 0.010000000000000005, 0.035, 0.010000000000000005, 0.010000000000000005, 0.17]",grasping,25777,14004792,6.79081744772218,-30.691011342725577,82.13698243313402,2.1316717815932154,-0.2801074807687376,-0.2555225899934689
"[-0.015, 0.010000000000000005, 0.035, 0.010000000000000005, 0.010000000000000005, 0.17]",grasping,25777,18004792,6.835030828076761,-30.79764491612455,82.5590339746778,2.131893666084148,-0.2808963203979577,-0.25149618596079243
"[-0.015, 0.010000000000000005, 0.035, 0.010000000000000005, 0.010000000000000005, 0.17]",grasping,25777,22004792,6.804710890212362,-30.77486752047449,82.69704211580014,2.132345609612435,-0.28969652510800115,-0.25319674973935286
"[-0.015, 0.010000000000000005, 0.035, 0.010000000000000005, 0.010000000000000005, 0.17]",grasping,25777,26004792,6.931304491244179,-31.009710159079557,83.39585267551901,2.1331121598965566,-0.2825478763607686,-0.24390943382940145
"[-0.015, 0.010000000000000005, 0.035, 0.010000000000000005, 0.010000000000000005, 0.17]",grasping,25777,30004792,6.946944015896649,-31.11944535691294,83.80323383760609,2.1310516556938826,-0.2864730952850407,-0.24019998403806947
"[-0.015, 0.010000000000000005, 0.035, 0.010000000000000005, 0.010000000000000005, 0.17]",grasping,25777,34004792,7.018840698685997,-31.217609320624177,84.38561741601268,2.1325618025222983,-0.28855232997787905,-0.2379145336536586
"[-0.015, 0.010000000000000005, 0.035, 0.010000000000000005, 0.010000000000000005, 0.17]",grasping,25777,38004792,7.034724152952631,-31.340513290328094,84.78644692186414,0.7052336304190835,-0.29427570736609526,-0.24015238573957504
"[-0.015, 0.010000000000000005, 0.035, 0.010000000000000005, 0.010000000000000005, 0.17]",grasping,25777,42004792,7.053175337062746,-31.441186851235,85.04608514394077,2.1296194308812315,-0.2930290340736419,-0.22844840218131085
"[-0.015, 0.010000000000000005, 0.035, 0.010000000000000005, 0.010000000000000005, 0.17]",grasping,25777,46004792,7.11859651411789,-31.538843576727693,85.6081919908823,2.1320910462811584,-0.2959757605144993,-0.2267109002371832
"[-0.015, 0.010000000000000005, 0.035, 0.010000000000000005, 0.010000000000000005, 0.17]",grasping,25777,50004792,7.1340396775335115,-31.655598394902334,85.88644043088756,2.1275113224857605,-0.29607726459288297,-0.22061488070735663
"[-0.015, 0.010000000000000005, 0.035, 0.010000000000000005, 0.010000000000000005, 0.17]",grasping,25777,54004792,7.172987064391994,-31.762035199070983,86.30275445431307,2.128197518828151,-0.29777416314141447,-0.21646006936673123
"[-0.015, 0.010000000000000005, 0.035, 0.010000000000000005, 0.010000000000000005, 0.17]",grasping,25777,58004792,7.197132090125221,-31.869044432455517,86.68906713909746,2.1283101295326334,-0.3016030564589913,-0.21300293965383443
"[-0.015, 0.010000000000000005, 0.035, 0.010000000000000005, 0.010000000000000005, 0.17]",grasping,25777,62004792,7.266529485161953,-31.966170759049245,87.25954267179621,2.1304358232487637,-0.3039943614612532,-0.21083697762705217
"[-0.015, 0.010000000000000005, 0.035, 0.010000000000000005, 0.010000000000000005, 0.17]",grasping,25777,66004792,7.288790820371122,-32.07390399594863,87.65566356656063,2.129716657914795,-0.3083291553447974,-0.2072255003334958
"[-0.015, 0.010000000000000005, 0.035, 0.010000000000000005, 0.010000000000000005, 0.17]",grasping,25777,70004792,7.325588288497951,-32.18098563000074,88.06770955451199,2.1293803370421833,-0.3104318562369524,-0.20318773218686248
"[-0.015, 0.010000000000000005, 0.035, 0.010000000000000005, 0.010000000000000005, 0.17]",grasping,25777,74004792,7.343173851079541,-32.30442231262981,88.48681904798927,0.7049453510126406,-0.3153717365076742,-0.20498330709814827
"[-0.015, 0.010000000000000005, 0.035, 0.010000000000000005, 0.010000000000000005, 0.17]",grasping,25777,78004792,7.371631121637393,-32.403815433129296,88.7329526928051,2.1257365650816396,-0.3134733263064388,-0.1934343373055537
"[-0.015, 0.010000000000000005, 0.035, 0.010000000000000005, 0.010000000000000005, 0.17]",grasping,25777,82004792,7.408920073393474,-32.50969219705559,89.13549828200297,2.1262737829975986,-0.31551136793255147,-0.18952113979680713
"[-0.015, 0.010000000000000005, 0.035, 0.010000000000000005, 0.010000000000000005, 0.17]",grasping,25777,86004792,7.477764254881735,-32.60660580912884,89.70156769579162,2.128337917552799,-0.317944211183565,-0.1873679685474372
"[-0.015, 0.010000000000000005, 0.035, 0.010000000000000005, 0.010000000000000005, 0.17]",grasping,25777,90004792,7.417609769898462,-32.59273246144409,89.68702023182205,2.124809481303994,-0.3262714341857497,-0.18710493322946808
"[-0.015, 0.010000000000000005, 0.035, 0.010000000000000005, 0.010000000000000005, 0.17]",grasping,25777,94004792,7.53842042233545,-32.835933119321815,90.54057898312297,0.7031268788843239,-0.3239194034161003,-0.18500742047718233
"[-0.015, 0.010000000000000005, 0.035, 0.010000000000000005, 0.010000000000000005, 0.17]",grasping,25777,98004792,7.562480860720368,-32.93566738999593,90.79122962443036,2.1232452618468356,-0.3233185686112991,-0.17355753490904635
"[-0.015, 0.010000000000000005, 0.035, 0.010000000000000005, 0.010000000000000005, 0.17]",grasping,25777,102004792,7.602284231248401,-33.04134333931485,91.19994347040941,2.1234395237244548,-0.3250686069579711,-0.16944438252510285
"[-0.015, 0.010000000000000005, 0.035, 0.010000000000000005, 0.010000000000000005, 0.17]",grasping,25777,106004792,7.647669317237493,-33.15479095856991,91.7744548095442,0.7007504429692513,-0.33087300969545025,-0.17301614639281737
"[-0.015, 0.010000000000000005, 0.035, 0.010000000000000005, 0.010000000000000005, 0.17]",grasping,25777,110004792,7.6873598378386445,-33.260911436777285,92.19257709020295,0.6997583279977115,-0.3328100547155572,-0.16888141272755586
"[-0.015, 0.010000000000000005, 0.035, 0.010000000000000005, 0.010000000000000005, 0.17]",grasping,25777,114004792,7.740984515455598,-33.35024507453505,92.58716691101665,2.1233639173129792,-0.33267658034115977,-0.15913854753937262
"[-0.015, 0.010000000000000005, 0.035, 0.010000000000000005, 0.010000000000000005, 0.17]",grasping,25777,118004792,7.758519338291028,-33.465258403281965,92.85774317943441,2.1196691175162825,-0.33277299040253283,-0.15312321252370098
"[-0.015, 0.010000000000000005, 0.035, 0.010000000000000005, 0.010000000000000005, 0.17]",grasping,25777,122004792,7.821912195474223,-33.56125501106744,93.40816149937386,2.1230480922510946,-0.3358231840916992,-0.15095328756359583
"[-0.015, 0.010000000000000005, 0.035, 0.010000000000000005, 0.010000000000000005, 0.17]",grasping,25777,126004792,7.843383754967993,-33.667804624612785,93.7927990764989,2.122327798618013,-0.34052056511115125,-0.14745676973479604
"[-0.015, 0.010000000000000005, 0.035, 0.010000000000000005, 0.010000000000000005, 0.17]",grasping,25777,130004792,7.868648130625198,-33.77372095128733,94.17519710681847,2.122400565546782,-0.3444671191138931,-0.14372680576135755
"[-0.015, 0.010000000000000005, 0.035, 0.010000000000000005, 0.010000000000000005, 0.17]",grasping,25777,134004792,7.895000090661121,-33.87948471065273,94.55908767160973,2.1224206473121185,-0.3482568966920523,-0.1399398504418441
"[-0.015, 0.010000000000000005, 0.035, 0.010000000000000005, 0.010000000000000005, 0.17]",grasping,25777,138004792,7.933454736134623,-33.99967730612476,94.96931041804366,0.6945640825942958,-0.3510316703786152,-0.14158216626516218
"[-0.015, 0.010000000000000005, 0.035, 0.010000000000000005, 0.010000000000000005, 0.17]",grasping,25777,142004792,7.967978835263235,-34.10494532415907,95.37184351105117,0.6948799603487621,-0.35348240398198943,-0.13751723492457046
"[-0.015, 0.010000000000000005, 0.035, 0.010000000000000005, 0.010000000000000005, 0.17]",grasping,25777,146004792,7.967362039513354,-34.19639869329357,95.6985553775614,2.124036875599657,-0.3603182999447539,-0.12880518288072507
"[-0.015, 0.010000000000000005, 0.035, 0.010000000000000005, 0.010000000000000005, 0.17]",grasping,25777,150004792,7.969336635846583,-34.30319688769845,96.03519596595022,2.1245689079222023,-0.3679258091911342,-0.1257347151308188
"[-0.015, 0.010000000000000005, 0.035, 0.010000000000000005, 0.010000000000000005, 0.17]",grasping,25777,154004792,7.9855491794982285,-34.409081256701775,96.39212139962859,2.125277295941037,-0.37326055063427044,-0.12216952556390936
"[-0.015, 0.010000000000000005, 0.035, 0.010000000000000005, 0.010000000000000005, 0.17]",grasping,25777,158004792,8.008319033025602,-34.5146771724598,96.76325421370204,2.1256004657385676,-0.3775995650907227,-0.11841263104214172
"[-0.015, 0.010000000000000005, 0.035, 0.010000000000000005, 0.010000000000000005, 0.17]",grasping,25777,162004792,8.036093402330389,-34.62006968803904,97.14483372707018,2.1255590970939555,-0.38128853341901636,-0.1145434961786308
"[-0.015, 0.010000000000000005, 0.035, 0.010000000000000005, 0.010000000000000005, 0.17]",grasping,25777,166004792,8.045117548401567,-34.734385180546475,97.39632082372849,2.1223157841008256,-0.38298498895299415,-0.10859581550009745
"[-0.015, 0.010000000000000005, 0.035, 0.010000000000000005, 0.010000000000000005, 0.17]",grasping,25777,170004792,8.102011851695881,-34.82983448445864,97.92364933988719,2.1257977878194136,-0.3869550652746757,-0.10650028380628274
"[-0.015, 0.010000000000000005, 0.035, 0.010000000000000005, 0.010000000000000005, 0.17]",grasping,25777,174004792,8.072589226610207,-34.86623863498241,98.02424237234756,2.1214443096746622,-0.39235895874680654,-0.10382374823733509
"[-0.015, 0.010000000000000005, 0.035, 0.010000000000000005, 0.010000000000000005, 0.17]",grasping,25777,178004792,8.051163839039397,-34.843084733617495,98.05028607910637,2.1193652697775502,-0.39763525378956743,-0.10431540533925765
"[-0.015, 0.010000000000000005, 0.035, 0.010000000000000005, 0.010000000000000005, 0.17]",grasping,25777,182004792,8.039826339620864,-34.821651423621375,98.01951466162959,2.1153336686344693,-0.3996833028585857,-0.10424482522067369
"[-0.015, 0.010000000000000005, 0.035, 0.010000000000000005, 0.010000000000000005, 0.17]",grasping,25777,186004792,8.032029756913245,-34.799742279119776,97.98738023023097,2.1117675226780603,-0.40111582409351065,-0.10436486442034498
"[-0.015, 0.010000000000000005, 0.035, 0.010000000000000005, 0.010000000000000005, 0.17]",grasping,25777,190004792,8.025803236784938,-34.777841192548124,97.95593877973828,2.1082338815225192,-0.4023072853726707,-0.104609262518637
"[-0.015, 0.010000000000000005, 0.035, 0.010000000000000005, 0.010000000000000005, 0.17]",grasping,25777,194004792,8.020514409623042,-34.75599843216719,97.9252175671997,2.10470356497434,-0.4033693215680352,-0.10490341148745874
"[-0.015, 0.010000000000000005, 0.035, 0.010000000000000005, 0.010000000000000005, 0.17]",grasping,25777,198004792,8.015809471682099,-34.73421657343475,97.89492996150386,2.1011700141204095,-0.40435898217170135,-0.10522130256241702
"[-0.015, 0.010000000000000005, 0.035, 0.010000000000000005, 0.010000000000000005, 0.17]",grasping,25777,202004792,8.011535451255643,-34.71247326104028,97.86499554228179,2.0976315798732763,-0.4052979778114443,-0.10554832610729459
"[-0.015, 0.010000000000000005, 0.035, 0.010000000000000005, 0.010000000000000005, 0.17]",grasping,25777,206004792,8.007574188668027,-34.69074792807515,97.8353234366412,2.094087068457854,-0.40620115721247174,-0.10587850714942892
"[-0.015, 0.010000000000000005, 0.035, 0.010000000000000005, 0.010000000000000005, 0.17]",grasping,25777,210004792,8.00131775406092,-34.68345522897544,97.79954204257376,0.6639154572220716,-0.40798476251889326,-0.11223864017694751
"[-0.015, 0.010000000000000005, 0.035, 0.010000000000000005, 0.010000000000000005, 0.17]",grasping,25777,214004792,8.573209668819755,-34.63884307235814,99.56845899103286,2.0339781201199694,-0.3264034251863135,-0.08109934707184008
"[-0.015, 0.010000000000000005, 0.035, 0.010000000000000005, 0.010000000000000005, 0.17]",grasping,25777,218004792,8.473133956667114,-34.613763196205625,99.76875567919487,2.0281336716006115,-0.34853767998250357,-0.0897659691027406
"[-0.015, 0.010000000000000005, 0.035, 0.010000000000000005, 0.010000000000000005, 0.17]",grasping,25777,222004792,8.425680196727109,-34.5972609973304,99.74344293056036,2.0228226559384628,-0.35485372666464066,-0.09197342946997666
"[-0.015, 0.010000000000000005, 0.035, 0.010000000000000005, 0.010000000000000005, 0.17]",grasping,25777,226004792,8.408046696959138,-34.579243777665226,99.7232183770168,2.0196187752872445,-0.35690285350811635,-0.09283176031221108
"[-0.015, 0.010000000000000005, 0.035, 0.010000000000000005, 0.010000000000000005, 0.17]",grasping,25777,230004792,8.395796949858319,-34.56137735018558,99.70489056694002,2.0166008561217628,-0.3584168956290559,-0.0934553288423321
"[-0.015, 0.010000000000000005, 0.035, 0.010000000000000005, 0.010000000000000005, 0.17]",grasping,25777,234004792,8.386256500571745,-34.54370381162848,99.687525643308,2.013585520801534,-0.3596921131289244,-0.09398051555645215
"[-0.015, 0.010000000000000005, 0.035, 0.010000000000000005, 0.010000000000000005, 0.17]",grasping,25777,238004792,8.378365237648437,-34.526154900852184,99.67114958781205,2.0105602884540126,-0.3608319744982092,-0.09442529937129396
"[-0.015, 0.010000000000000005, 0.035, 0.010000000000000005, 0.010000000000000005, 0.17]",grasping,25777,242004792,8.371570236753287,-34.508683844024176,99.65541804119181,2.0075244553464424,-0.3618830638502164,-0.09481821972170024
"[-0.015, 0.010000000000000005, 0.035, 0.010000000000000005, 0.010000000000000005, 0.17]",grasping,25777,246004792,8.362464158283519,-34.506774888166944,99.63757747268714,0.577972407383214,-0.3638062709858704,-0.10120575627824246
"[-0.015, 0.010000000000000005, 0.035, 0.010000000000000005, 0.010000000000000005, 0.17]",grasping,25777,250004792,8.359969540121085,-34.473852494462896,99.6250676896143,2.0014280806800833,-0.36382490237546256,-0.09551341615982822
"[-0.015, 0.010000000000000005, 0.035, 0.010000000000000005, 0.010000000000000005, 0.17]",grasping,25777,254004792,8.354762307184844,-34.45645390316485,99.61019750039328,1.9983699394527679,-0.36474853446360755,-0.0958350795406846
"[-0.015, 0.010000000000000005, 0.035, 0.010000000000000005, 0.010000000000000005, 0.17]",grasping,25777,258004792,8.354057344731265,-34.43896603879569,99.60283464715444,1.9950645825896611,-0.3650481626976991,-0.0960442116798067
"[-0.015, 0.010000000000000005, 0.035, 0.010000000000000005, 0.010000000000000005, 0.17]",grasping,25777,262004792,8.355770721040287,-34.4214569452202,99.60150794511979,1.9916501302934244,-0.3650145869060034,-0.09616344467288174
"[-0.015, 0.010000000000000005, 0.035, 0.010000000000000005, 0.010000000000000005, 0.17]",grasping,25777,266004792,8.354079345101315,-34.404020890077,99.5942384589433,1.988355991908306,-0.365461666409241,-0.09636988287733073
"[-0.015, 0.010000000000000005, 0.035, 0.010000000000000005, 0.010000000000000005, 0.17]",grasping,25777,270004792,8.350467292678859,-34.386577226326395,99.58305007291183,1.9852162120125745,-0.3661900667317321,-0.09662527884647854
"[-0.015, 0.010000000000000005, 0.035, 0.010000000000000005, 0.010000000000000005, 0.17]",grasping,25777,274004792,8.345553874289928,-34.369152051222606,99.56816973739949,1.9821201953813483,-0.3671123466359752,-0.09693545267690296
"[-0.015, 0.010000000000000005, 0.035, 0.010000000000000005, 0.010000000000000005, 0.17]",grasping,25777,278004792,8.340853435924796,-34.351688857944126,99.55333626117488,1.979039861975119,-0.36800834305789565,-0.09723529767991512
"[-0.015, 0.010000000000000005, 0.035, 0.010000000000000005, 0.010000000000000005, 0.17]",grasping,25777,282004792,8.33342635738951,-34.34969462297205,99.53605477347811,0.5494363017073444,-0.3698123715483087,-0.10355099033956183
"[-0.015, 0.010000000000000005, 0.035, 0.010000000000000005, 0.010000000000000005, 0.17]",grasping,25777,286004792,8.33153869640128,-34.31668634232295,99.52360223830813,1.9728681998825048,-0.36979595891351513,-0.09783145592249698
"[-0.015, 0.010000000000000005, 0.035, 0.010000000000000005, 0.010000000000000005, 0.17]",grasping,25777,290004792,8.326898473234126,-34.29914644554418,99.50868652586647,1.9697757752671436,-0.3706902257010544,-0.09812939611975668
"[-0.015, 0.010000000000000005, 0.035, 0.010000000000000005, 0.010000000000000005, 0.17]",grasping,25777,294004792,8.322262787276266,-34.281580225901926,99.49373438653623,1.9666789483134646,-0.37158540988147626,-0.09842761449634374
"[-0.015, 0.010000000000000005, 0.035, 0.010000000000000005, 0.010000000000000005, 0.17]",grasping,25777,298004792,8.314872922426535,-34.27945536771856,99.47628046720853,0.53705326429292,-0.3733926461551239,-0.10474415033482365
"[-0.015, 0.010000000000000005, 0.035, 0.010000000000000005, 0.010000000000000005, 0.17]",grasping,25777,303004792,8.31023799050263,-34.26182905115093,99.46124150049643,0.5339465346706151,-0.37429070436728096,-0.10504352087830848
"[-0.015, 0.010000000000000005, 0.035, 0.010000000000000005, 0.010000000000000005, 0.17]",grasping,25777,306004792,8.308356973540109,-34.228721348870685,99.44864518407553,1.9573621677785913,-0.3742787512353777,-0.09932520949750467
"[-0.015, 0.010000000000000005, 0.035, 0.010000000000000005, 0.010000000000000005, 0.17]",grasping,25777,310004792,8.303717129943484,-34.21104786998247,99.43353525875916,1.9542478252686313,-0.37517957203331787,-0.09962561867448727
"[-0.015, 0.010000000000000005, 0.035, 0.010000000000000005, 0.010000000000000005, 0.17]",grasping,25777,314004792,8.296315980739486,-34.20878821958555,99.41588229376839,0.5246001074266894,-0.37699431509711556,-0.10594541975241079
"[-0.015, 0.010000000000000005, 0.035, 0.010000000000000005, 0.010000000000000005, 0.17]",grasping,25777,318004792,8.294515543525547,-34.175614005902126,99.40329645172781,1.9479997773619409,-0.376973177032361,-0.1002272751759069
"[-0.015, 0.010000000000000005, 0.035, 0.010000000000000005, 0.010000000000000005, 0.17]",grasping,25777,322004792,8.289994961867786,-34.15785186959152,99.38826306819188,1.9448661941934908,-0.3778602566204523,-0.10052856174511782
"[-0.015, 0.010000000000000005, 0.035, 0.010000000000000005, 0.010000000000000005, 0.17]",grasping,25777,326004792,8.285462260292942,-34.140063006919185,99.37318510688397,1.9417276450766663,-0.3787500604171339,-0.10083082631196494
"[-0.015, 0.010000000000000005, 0.035, 0.010000000000000005, 0.010000000000000005, 0.17]",grasping,25777,330004792,8.283865512710047,-34.12217696853797,99.36274323685068,1.9384211165133853,-0.3792257813393312,-0.10106894564816493
"[-0.015, 0.010000000000000005, 0.035, 0.010000000000000005, 0.010000000000000005, 0.17]",grasping,25777,334004792,8.286431934167613,-34.104243388983015,99.36024597240433,1.9349113650147869,-0.3791083259752239,-0.1012250364169971
"[-0.015, 0.010000000000000005, 0.035, 0.010000000000000005, 0.010000000000000005, 0.17]",grasping,25777,338004792,8.289143985684484,-34.08627915378245,99.35910176623645,1.9313734257918864,-0.3789648321347872,-0.10136782562468272
"[-0.015, 0.010000000000000005, 0.035, 0.010000000000000005, 0.010000000000000005, 0.17]",grasping,25777,342004792,8.29132833843462,-34.068259619399775,99.35705977560016,1.92783906426194,-0.3788958185626426,-0.10152325238309967
"[-0.015, 0.010000000000000005, 0.035, 0.010000000000000005, 0.010000000000000005, 0.17]",grasping,25777,346004792,8.287445385941721,-34.050394975179344,99.34525595773106,1.9246260121497158,-0.37968757550804627,-0.10182230600017528
"[-0.015, 0.010000000000000005, 0.035, 0.010000000000000005, 0.010000000000000005, 0.17]",grasping,25777,350004792,8.282489199272302,-34.032478731526595,99.32985047149066,1.9214418169918681,-0.38064350527794727,-0.102132847009332
"[-0.015, 0.010000000000000005, 0.035, 0.010000000000000005, 0.010000000000000005, 0.17]",grasping,25777,354004792,8.277684088148012,-34.0145248717483,99.31445055479618,1.9182762532115207,-0.38157904023646466,-0.10243382153681202
"[-0.015, 0.010000000000000005, 0.035, 0.010000000000000005, 0.010000000000000005, 0.17]",grasping,25777,358004792,8.272892031914553,-33.99654841123089,99.2989949978783,1.915107080036608,-0.3825139492159164,-0.10273629684323382
"[-0.015, 0.010000000000000005, 0.035, 0.010000000000000005, 0.010000000000000005, 0.17]",grasping,25777,362004792,8.268150906037548,-33.97854341208437,99.28339654268143,1.9119372722796528,-0.38344280158904764,-0.10304515702123351
"[-0.015, 0.010000000000000005, 0.035, 0.010000000000000005, 0.010000000000000005, 0.17]",grasping,25777,366004792,8.263249531138015,-33.96052110161624,99.26657160014047,1.9087345366464255,-0.3843707840148836,-0.10336297175805442
"[-0.015, 0.010000000000000005, 0.035, 0.010000000000000005, 0.010000000000000005, 0.17]",grasping,25777,370004792,8.255866390860527,-33.957797305924444,99.24800634040008,0.47903541886317014,-0.3862033780786433,-0.10970528482562247
"[-0.015, 0.010000000000000005, 0.035, 0.010000000000000005, 0.010000000000000005, 0.17]",grasping,25777,374004792,8.25379848132916,-33.924370450579396,99.23470483044363,1.9024000899173013,-0.38623228828860223,-0.10399143896722185
"[-0.015, 0.010000000000000005, 0.035, 0.010000000000000005, 0.010000000000000005, 0.17]",grasping,25777,378004792,8.249013314701164,-33.90627151174535,99.21811113204956,1.8992379737542775,-0.3871609250227076,-0.10431109316983567
"[-0.015, 0.010000000000000005, 0.035, 0.010000000000000005, 0.010000000000000005, 0.17]",grasping,25777,382004792,8.24389473434269,-33.88815228212386,99.2025131397854,1.896042894095289,-0.38814021607725024,-0.10457246971238943
"[-0.015, 0.010000000000000005, 0.035, 0.010000000000000005, 0.010000000000000005, 0.17]",grasping,25777,386004792,8.238672579387382,-33.870024462522025,99.18718995816991,1.892843586668239,-0.3891352527713188,-0.10482348810281794
"[-0.015, 0.010000000000000005, 0.035, 0.010000000000000005, 0.010000000000000005, 0.17]",grasping,25777,390004792,8.233433780981326,-33.85189071716157,99.17186697194623,1.889640771562942,-0.39013405489817654,-0.10507561677812338
"[-0.015, 0.010000000000000005, 0.035, 0.010000000000000005, 0.010000000000000005, 0.17]",grasping,25777,394004792,8.230654146472727,-33.8337025428754,99.16069542245037,1.8862910482167061,-0.3907872867081052,-0.10526231309631773
"[-0.015, 0.010000000000000005, 0.035, 0.010000000000000005, 0.010000000000000005, 0.17]",grasping,25777,398004792,8.23119788326442,-33.814818298822125,99.14828376776082,1.882892119894152,-0.3909516689244177,-0.10569433892547664
"[-0.015, 0.010000000000000005, 0.035, 0.010000000000000005, 0.010000000000000005, 0.17]",grasping,25777,402004792,8.22271154630202,-33.812026096776016,99.13044178336236,0.45314394700834415,-0.3929373974900522,-0.11195764388583884
"[-0.015, 0.010000000000000005, 0.035, 0.010000000000000005, 0.010000000000000005, 0.17]",grasping,25777,406004792,8.220400169050876,-33.77855714057188,99.11798611820655,1.876468141999185,-0.3929978256946717,-0.10619300347037997
"[-0.015, 0.010000000000000005, 0.035, 0.010000000000000005, 0.010000000000000005, 0.17]",grasping,25777,410004792,8.215129748489758,-33.76040787733612,99.10278092676862,1.87325894250565,-0.3940045898277485,-0.10643849725316024
"[-0.015, 0.010000000000000005, 0.035, 0.010000000000000005, 0.010000000000000005, 0.17]",grasping,25777,414004792,8.209857165102761,-33.74225301915987,99.08756354705126,1.8700491454583819,-0.39501214723489286,-0.10668465805197425
"[-0.015, 0.010000000000000005, 0.035, 0.010000000000000005, 0.010000000000000005, 0.17]",grasping,25777,418004792,8.20457927070265,-33.724092049533354,99.07233460224191,1.8668383836003333,-0.39602097793838886,-0.10693143477438916
"[-0.015, 0.010000000000000005, 0.035, 0.010000000000000005, 0.010000000000000005, 0.17]",grasping,25777,422004792,8.199295185935553,-33.705924511145355,99.05709382765875,1.8636265770001734,-0.3970311904519485,-0.10717872711434673
"[-0.015, 0.010000000000000005, 0.035, 0.010000000000000005, 0.010000000000000005, 0.17]",grasping,25777,426004792,8.194004449945597,-33.68775009528074,99.04184098132558,1.8604136900507535,-0.3980428350951413,-0.1074264634813763
"[-0.015, 0.010000000000000005, 0.035, 0.010000000000000005, 0.010000000000000005, 0.17]",grasping,25777,430004792,8.188706765872265,-33.66956860118844,99.02657589944228,1.8571997015285286,-0.3990559432567892,-0.1076745971353712
"[-0.015, 0.010000000000000005, 0.035, 0.010000000000000005, 0.010000000000000005, 0.17]",grasping,25777,434004792,8.183401935394548,-33.65137989926463,99.01129847705495,1.8539845982277743,-0.40007053550578175,-0.10792309802112476
"[-0.015, 0.010000000000000005, 0.035, 0.010000000000000005, 0.010000000000000005, 0.17]",grasping,25777,441004792,8.172455459549374,-33.63939270484522,98.9856045736224,0.422623268535787,-0.4025446596364109,-0.11430780795681172
"[-0.015, 0.010000000000000005, 0.035, 0.010000000000000005, 0.010000000000000005, 0.17]",grasping,25777,442004792,8.16979404445194,-33.63028918015106,98.9779506581786,0.4210142799574751,-0.4030538060375317,-0.11443249939540923
"[-0.015, 0.010000000000000005, 0.035, 0.010000000000000005, 0.010000000000000005, 0.17]",grasping,25777,446004792,8.167443434655148,-33.596769852974184,98.96539162433416,1.844332529494472,-0.40312333207514484,-0.1086706425161974
"[-0.015, 0.010000000000000005, 0.035, 0.010000000000000005, 0.010000000000000005, 0.17]",grasping,25777,450004792,8.162109054913172,-33.57855173797218,98.95006439689709,1.841112908423391,-0.40414395828326327,-0.10892047615755762
"[-0.015, 0.010000000000000005, 0.035, 0.010000000000000005, 0.010000000000000005, 0.17]",grasping,25777,454004792,8.156767179191883,-33.56032621074466,98.93472468448286,1.8378921520824343,-0.40516610342470394,-0.1091706284792674
"[-0.015, 0.010000000000000005, 0.035, 0.010000000000000005, 0.010000000000000005, 0.17]",grasping,25777,458004792,8.148435421326033,-33.55739435719104,98.91660699766219,0.40813216258757556,-0.4071406324131327,-0.11543291921799137
"[-0.015, 0.010000000000000005, 0.035, 0.010000000000000005, 0.010000000000000005, 0.17]",grasping,25777,462004792,8.146060878303894,-33.52385289282776,98.90400781160899,1.8314472308994394,-0.40721495596279533,-0.10967188038837705
"[-0.015, 0.010000000000000005, 0.035, 0.010000000000000005, 0.010000000000000005, 0.17]",grasping,25777,466004792,8.140696435800802,-33.50560509623324,98.88863066182562,1.8282230654898037,-0.4082416645602534,-0.1099229772914726
"[-0.015, 0.010000000000000005, 0.035, 0.010000000000000005, 0.010000000000000005, 0.17]",grasping,25777,470004792,8.132337502306353,-33.50264531726883,98.8704682229729,0.3984586454236827,-0.4102217204721059,-0.11618654321066346
"[-0.015, 0.010000000000000005, 0.035, 0.010000000000000005, 0.010000000000000005, 0.17]",grasping,25777,474004792,8.129944948115376,-33.46908722547121,98.857838973294,1.8217713246856007,-0.4102996471640297,-0.11042610843742229
"[-0.015, 0.010000000000000005, 0.035, 0.010000000000000005, 0.010000000000000005, 0.17]",grasping,25777,478004792,8.121567477257884,-33.46610868865278,98.83964844412698,0.39200387579707807,-0.4122834435222441,-0.11669037602929533
"[-0.015, 0.010000000000000005, 0.035, 0.010000000000000005, 0.010000000000000005, 0.17]",grasping,25777,482004792,8.116170955904368,-33.44782930682643,98.8242206445567,0.3887747791538908,-0.4133166199707036,-0.11694276225655698
"[-0.015, 0.010000000000000005, 0.035, 0.010000000000000005, 0.010000000000000005, 0.17]",grasping,25777,486004792,8.113760178914445,-33.41425471533275,98.8115623419671,1.8120850689071593,-0.4133981870531788,-0.11118294878385293
"[-0.015, 0.010000000000000005, 0.035, 0.010000000000000005, 0.010000000000000005, 0.17]",grasping,25777,490004792,7.4636641046643275,-33.4208422759815,96.34888859982887,1.8766659242324302,-0.4881951893789864,-0.1325311857979946
"[-0.015, 0.010000000000000005, 0.035, 0.010000000000000005, 0.010000000000000005, 0.17]",grasping,25777,494004792,7.688496032585351,-33.38866352078988,96.32993626174091,1.8734765036355534,-0.4626876834350906,-0.1253860909423088
"[-0.015, 0.010000000000000005, 0.035, 0.010000000000000005, 0.010000000000000005, 0.17]",grasping,25777,498004792,7.719924796999164,-33.3657594197581,96.29425840319361,1.8716934794979494,-0.45930491604876905,-0.12375302754383
"[-0.015, 0.010000000000000005, 0.035, 0.010000000000000005, 0.010000000000000005, 0.17]",grasping,25777,502004792,7.733183822179638,-33.34396113223418,96.2658366217077,1.8682957716847266,-0.45843323489709464,-0.12341310359161517
"[-0.015, 0.010000000000000005, 0.035, 0.010000000000000005, 0.010000000000000005, 0.17]",grasping,25777,506004792,7.741145220933917,-33.32213956325867,96.23355052601977,1.8646960823415633,-0.4580876607830878,-0.12334804076136152
"[-0.015, 0.010000000000000005, 0.035, 0.010000000000000005, 0.010000000000000005, 0.17]",grasping,25777,510004792,7.745184210716333,-33.300159490068225,96.19801547650496,1.861164266897261,-0.4581754964514131,-0.12345342179549945
"[-0.015, 0.010000000000000005, 0.035, 0.010000000000000005, 0.010000000000000005, 0.17]",grasping,25777,514004792,7.749778281981254,-33.27798959833948,96.16570851757858,1.857513373759135,-0.45809979928455563,-0.12357996202174104
"[-0.015, 0.010000000000000005, 0.035, 0.010000000000000005, 0.010000000000000005, 0.17]",grasping,25777,518004792,7.751930189907354,-33.27002179823825,96.12722702141208,0.4272075027571559,-0.45886708111786323,-0.1297386501672687
"[-0.015, 0.010000000000000005, 0.035, 0.010000000000000005, 0.010000000000000005, 0.17]",grasping,25777,522004792,7.7558090631533165,-33.233409234407375,96.10272224364142,1.8501539284729,-0.4582101801182485,-0.12395702896567207
"[-0.015, 0.010000000000000005, 0.035, 0.010000000000000005, 0.010000000000000005, 0.17]",grasping,25777,526004792,7.757789179692133,-33.211040026355064,96.07138106081486,1.8464837280597657,-0.4583715883673622,-0.12419275550228259
"[-0.015, 0.010000000000000005, 0.035, 0.010000000000000005, 0.010000000000000005, 0.17]",grasping,25777,530004792,7.759293979004135,-33.18863886289409,96.0399554380819,1.8428109443287581,-0.45858146774256614,-0.12444775283187293
"[-0.015, 0.010000000000000005, 0.035, 0.010000000000000005, 0.010000000000000005, 0.17]",grasping,25777,534004792,7.758766677499521,-33.18046930673702,96.00147827947914,0.41250269043431353,-0.4596273129477727,-0.13072764613003007
"[-0.015, 0.010000000000000005, 0.035, 0.010000000000000005, 0.010000000000000005, 0.17]",grasping,25777,538004792,7.761454792611254,-33.14376545930971,95.97683987567402,1.8354662357013827,-0.4590845299777556,-0.12499080734091061
"[-0.015, 0.010000000000000005, 0.035, 0.010000000000000005, 0.010000000000000005, 0.17]",grasping,25777,542004792,7.748012354489162,-33.13563894508976,95.91795612112703,0.40575092833228965,-0.4619490257606237,-0.13156730403351347
"[-0.015, 0.010000000000000005, 0.035, 0.010000000000000005, 0.010000000000000005, 0.17]",grasping,25777,546004792,7.750075410616967,-33.11316760043456,95.88441054071744,0.40207691546500246,-0.46205941580516835,-0.13185231973970024
"[-0.015, 0.010000000000000005, 0.035, 0.010000000000000005, 0.010000000000000005, 0.17]",grasping,25777,550004792,7.752910058665921,-33.07644922561166,95.85936056357045,1.8250766894450599,-0.461479924051615,-0.1261201611468773
"[-0.015, 0.010000000000000005, 0.035, 0.010000000000000005, 0.010000000000000005, 0.17]",grasping,25777,554004792,7.753829265974011,-33.05398223789817,95.82758120292958,1.8214135442046149,-0.46173262438049173,-0.12641103458058078
"[-0.015, 0.010000000000000005, 0.035, 0.010000000000000005, 0.010000000000000005, 0.17]",grasping,25777,558004792,7.754654118502427,-33.031510834707085,95.79578179021232,1.8177468260865635,-0.46199789234173777,-0.12670654038467344
"[-0.015, 0.010000000000000005, 0.035, 0.010000000000000005, 0.010000000000000005, 0.17]",grasping,25777,562004792,7.755437540659287,-33.00903218917487,95.76392690505686,1.8140800087895819,-0.46226777454276213,-0.12700390268830264
"[-0.015, 0.010000000000000005, 0.035, 0.010000000000000005, 0.010000000000000005, 0.17]",grasping,25777,566004792,7.754445035373983,-33.00078319317796,95.72511094423827,0.3837669782680444,-0.46334388032874974,-0.13331635111889162
"[-0.015, 0.010000000000000005, 0.035, 0.010000000000000005, 0.010000000000000005, 0.17]",grasping,25777,570004792,7.748578182584623,-32.964280559163505,95.68443058901887,1.8072995018125626,-0.4639879957956889,-0.12791424090536863
"[-0.015, 0.010000000000000005, 0.035, 0.010000000000000005, 0.010000000000000005, 0.17]",grasping,25777,574004792,7.73880120652819,-32.94204533149506,95.6277930472798,1.8043043789105906,-0.46577660470104665,-0.12864361448260309
"[-0.015, 0.010000000000000005, 0.035, 0.010000000000000005, 0.010000000000000005, 0.17]",grasping,25777,578004792,7.7358153735290855,-32.9196148787713,95.58254302239646,1.8009063876503568,-0.46660499501655117,-0.12909387104455228
"[-0.015, 0.010000000000000005, 0.035, 0.010000000000000005, 0.010000000000000005, 0.17]",grasping,25777,582004792,7.737153437577589,-32.89707287747629,95.5503684573295,1.7973046422860364,-0.46677981867873114,-0.12931483496175433
"[-0.015, 0.010000000000000005, 0.035, 0.010000000000000005, 0.010000000000000005, 0.17]",grasping,25777,586004792,7.737667380801314,-32.87457794000885,95.51862142961207,1.7936387712203847,-0.46708681394891244,-0.1295729867952653
"[-0.015, 0.010000000000000005, 0.035, 0.010000000000000005, 0.010000000000000005, 0.17]",grasping,25777,590004792,7.738057299739978,-32.85208178004627,95.48690404687798,1.7899646589854474,-0.46741277461473063,-0.12983744867773372
"[-0.015, 0.010000000000000005, 0.035, 0.010000000000000005, 0.010000000000000005, 0.17]",grasping,25777,594004792,7.738410667014329,-32.829578602557966,95.45513945638453,1.7862895835606105,-0.4677434260228574,-0.13010352397746472
"[-0.015, 0.010000000000000005, 0.035, 0.010000000000000005, 0.010000000000000005, 0.17]",grasping,25777,598004792,7.738745172657107,-32.80706794809333,95.42331731183586,1.7826146455451575,-0.4680761822541132,-0.13037032440907226
"[-0.015, 0.010000000000000005, 0.035, 0.010000000000000005, 0.010000000000000005, 0.17]",grasping,25777,602004792,7.73107574152751,-32.78470383282797,95.37473031566861,1.7795090178348332,-0.46952759677037964,-0.13100179253659883
"[-0.015, 0.010000000000000005, 0.035, 0.010000000000000005, 0.010000000000000005, 0.17]",grasping,25777,606004792,7.720313367639532,-32.762365979695915,95.31915791268645,1.7764442868832304,-0.47146072882390566,-0.13163694783432178
"[-0.015, 0.010000000000000005, 0.035, 0.010000000000000005, 0.010000000000000005, 0.17]",grasping,25777,610004792,7.70994052499719,-32.739961776993106,95.26431007194482,1.7734147707510979,-0.4733218721876624,-0.13220065754658505
"[-0.015, 0.010000000000000005, 0.035, 0.010000000000000005, 0.010000000000000005, 0.17]",grasping,25777,614004792,7.699575145347173,-32.71755075255174,95.20937371701575,1.770385125823821,-0.4751833428989508,-0.13276253611754363
"[-0.015, 0.010000000000000005, 0.035, 0.010000000000000005, 0.010000000000000005, 0.17]",grasping,25777,618004792,7.694570047767251,-32.70925599901633,95.15838869737682,0.34031765513118917,-0.4768524391947162,-0.13912129224290337
"[-0.015, 0.010000000000000005, 0.035, 0.010000000000000005, 0.010000000000000005, 0.17]",grasping,25777,622004792,7.696836594798869,-32.67246665249132,95.13358767140063,1.7633232303893815,-0.4763471923235679,-0.1333094306294158
"[-0.015, 0.010000000000000005, 0.035, 0.010000000000000005, 0.010000000000000005, 0.17]",grasping,25777,626004792,7.695387251271911,-32.664145062102925,95.09556491831336,0.3329796745990554,-0.47749016177668624,-0.13952324480743927
"[-0.015, 0.010000000000000005, 0.035, 0.010000000000000005, 0.010000000000000005, 0.17]",grasping,25777,630004792,7.697125964018266,-32.62738218949371,95.07096115241714,1.755940134593353,-0.47707124155488934,-0.13373939515172129
"[-0.015, 0.010000000000000005, 0.035, 0.010000000000000005, 0.010000000000000005, 0.17]",grasping,25777,634004792,7.697077985347969,-32.60483841077299,95.03942338909201,1.752250603067745,-0.4774606533836985,-0.1339625077663561
"[-0.015, 0.010000000000000005, 0.035, 0.010000000000000005, 0.010000000000000005, 0.17]",grasping,25777,638004792,7.69701460293778,-32.58228748215201,95.00782580702871,1.7485618021995477,-0.4778514249826251,-0.13418644036802085
"[-0.015, 0.010000000000000005, 0.035, 0.010000000000000005, 0.010000000000000005, 0.17]",grasping,25777,642004792,7.696937744878426,-32.55972972100387,94.97617010758687,1.7448734157567913,-0.4782435798562716,-0.13441102916675862
"[-0.015, 0.010000000000000005, 0.035, 0.010000000000000005, 0.010000000000000005, 0.17]",grasping,25777,646004792,7.696850554820711,-32.537165235368775,94.94445670182576,1.7411853887808546,-0.47863683148409797,-0.13463610203747312
"[-0.015, 0.010000000000000005, 0.035, 0.010000000000000005, 0.010000000000000005, 0.17]",grasping,25777,650004792,7.696755401244534,-32.51459409344829,94.91268570641058,1.7374976993466809,-0.4790309494117531,-0.1348615364170448
"[-0.015, 0.010000000000000005, 0.035, 0.010000000000000005, 0.010000000000000005, 0.17]",grasping,25777,654004792,7.696653964814653,-32.49201634718819,94.88085718105557,1.7338103352963077,-0.47942576750934734,-0.13508724928900429
"[-0.015, 0.010000000000000005, 0.035, 0.010000000000000005, 0.010000000000000005, 0.17]",grasping,25777,658004792,7.696547423819566,-32.46943203811668,94.84897116863236,1.7301232893836298,-0.4798211687103072,-0.13531318468708142
"[-0.015, 0.010000000000000005, 0.035, 0.010000000000000005, 0.010000000000000005, 0.17]",grasping,25777,662004792,7.683160933100105,-32.46130750513256,94.79022060211744,0.3004445288707146,-0.4826499077757498,-0.14189659940309918
"[-0.015, 0.010000000000000005, 0.035, 0.010000000000000005, 0.010000000000000005, 0.17]",grasping,25777,666004792,7.676036667982366,-32.42465378382684,94.74672201636879,1.7239022625500107,-0.48350341474125635,-0.13639195338562815
"[-0.015, 0.010000000000000005, 0.035, 0.010000000000000005, 0.010000000000000005, 0.17]",grasping,25777,670004792,7.664614381795646,-32.40224694150361,94.68959555548581,1.7209311287751607,-0.4855152487619396,-0.13696614208703073
"[-0.015, 0.010000000000000005, 0.035, 0.010000000000000005, 0.010000000000000005, 0.17]",grasping,25777,674004792,7.66529086078431,-32.37959452984982,94.65365435465422,1.717288222559905,-0.48581194772436026,-0.1371501717142093
"[-0.015, 0.010000000000000005, 0.035, 0.010000000000000005, 0.010000000000000005, 0.17]",grasping,25777,678004792,7.6651021704227595,-32.357027633767125,94.62049047916874,1.7136665886405777,-0.4862132704877087,-0.13735984013654734
"[-0.015, 0.010000000000000005, 0.035, 0.010000000000000005, 0.010000000000000005, 0.17]",grasping,25777,682004792,7.662700427846002,-32.34868509469513,94.58033135126946,0.28337288393328963,-0.4874918089752829,-0.14359071440741555
"[-0.015, 0.010000000000000005, 0.035, 0.010000000000000005, 0.010000000000000005, 0.17]",grasping,25777,686004792,7.664005820878199,-32.31190817326316,94.55456831285738,1.7063604399819265,-0.48713457644472763,-0.1378125964702519
"[-0.015, 0.010000000000000005, 0.035, 0.010000000000000005, 0.010000000000000005, 0.17]",grasping,25777,690004792,7.663390402682852,-32.289340438335515,94.52154189501448,1.7027062253511924,-0.487604481363548,-0.1380407691981428
"[-0.015, 0.010000000000000005, 0.035, 0.010000000000000005, 0.010000000000000005, 0.17]",grasping,25777,694004792,7.662748537928816,-32.26676477059204,94.48844352304297,1.6990523492425866,-0.4880769933451706,-0.13826991161168645
"[-0.015, 0.010000000000000005, 0.035, 0.010000000000000005, 0.010000000000000005, 0.17]",grasping,25777,698004792,7.662096256496538,-32.24418190570597,94.45528663735402,1.6953988413193302,-0.4885506632013611,-0.13849917279507784
"[-0.015, 0.010000000000000005, 0.035, 0.010000000000000005, 0.010000000000000005, 0.17]",grasping,25777,702004792,7.661768030485932,-32.221593641554904,94.4222417756236,1.6917347114368861,-0.48898442980156,-0.1387224176981925
"[-0.015, 0.010000000000000005, 0.035, 0.010000000000000005, 0.010000000000000005, 0.17]",grasping,25777,706004792,7.662011916901095,-32.1989934093656,94.38970569128955,1.6880551195474707,-0.4893522155678268,-0.13892510204061714
"[-0.015, 0.010000000000000005, 0.035, 0.010000000000000005, 0.010000000000000005, 0.17]",grasping,25777,710004792,7.662204823904993,-32.17638856345379,94.35711875615152,1.6843748348033678,-0.4897265033985976,-0.13912958910721218
"[-0.015, 0.010000000000000005, 0.035, 0.010000000000000005, 0.010000000000000005, 0.17]",grasping,25777,714004792,7.66238440507245,-32.15377766751433,94.32447717000674,1.6806945328985448,-0.49010256208853586,-0.13933468219067247
"[-0.015, 0.010000000000000005, 0.035, 0.010000000000000005, 0.010000000000000005, 0.17]",grasping,25777,718004792,7.651473133268354,-32.13136197020324,94.27330562101733,1.6776197815002802,-0.49204602631409505,-0.13983741689435092
"[-0.015, 0.010000000000000005, 0.035, 0.010000000000000005, 0.010000000000000005, 0.17]",grasping,25777,722004792,7.6408741695397895,-32.10895231081662,94.21773575872338,1.6745300160261052,-0.4939828420557726,-0.140363825611742
"[-0.015, 0.010000000000000005, 0.035, 0.010000000000000005, 0.010000000000000005, 0.17]",grasping,25777,726004792,7.642818911703223,-32.08627873402322,94.18301472596548,1.6708679887378,-0.49412442053484207,-0.14052323230042185
"[-0.015, 0.010000000000000005, 0.035, 0.010000000000000005, 0.010000000000000005, 0.17]",grasping,25777,730004792,7.643391349842161,-32.06365375841837,94.14990155899679,1.667221331093886,-0.4944399944674486,-0.14071222692609375
"[-0.015, 0.010000000000000005, 0.035, 0.010000000000000005, 0.010000000000000005, 0.17]",grasping,25777,734004792,7.643672639153051,-32.04103981603487,94.11691470886925,1.6635525915178815,-0.4948028285064954,-0.14091597096264097
"[-0.015, 0.010000000000000005, 0.035, 0.010000000000000005, 0.010000000000000005, 0.17]",grasping,25777,738004792,7.643895893581068,-32.01842099013005,94.08389001037672,1.6598816303708634,-0.49517381085225026,-0.14112230114055235
"[-0.015, 0.010000000000000005, 0.035, 0.010000000000000005, 0.010000000000000005, 0.17]",grasping,25777,742004792,7.644097751326655,-31.995795526192257,94.05080963616287,1.6562107373787065,-0.4955473515705231,-0.14132942491883593
"[-0.015, 0.010000000000000005, 0.035, 0.010000000000000005, 0.010000000000000005, 0.17]",grasping,25777,746004792,7.644286402914918,-31.973163410436698,94.01767176065238,1.6525401953411811,-0.4959223716869347,-0.14153696926770665
"[-0.015, 0.010000000000000005, 0.035, 0.010000000000000005, 0.010000000000000005, 0.17]",grasping,25777,750004792,7.642674902650507,-31.964710755454682,93.97717590578807,0.2222248933930453,-0.497110606584464,-0.14774603949755305
"[-0.015, 0.010000000000000005, 0.035, 0.010000000000000005, 0.010000000000000005, 0.17]",grasping,25777,754004792,7.644636537001004,-31.9278797747364,93.95122439787053,1.6452002230378042,-0.496675476549019,-0.14195283059407604
"[-0.015, 0.010000000000000005, 0.035, 0.010000000000000005, 0.010000000000000005, 0.17]",grasping,25777,758004792,7.643008402418179,-31.919411191110434,93.91058743580581,0.21488573998709226,-0.4978655820676612,-0.14816234750083979
"[-0.015, 0.010000000000000005, 0.035, 0.010000000000000005, 0.010000000000000005, 0.17]",grasping,25777,762004792,7.644961306690298,-31.882570911247097,93.88454998094876,1.6378616826053474,-0.497431538532495,-0.1423693357653565
"[-0.015, 0.010000000000000005, 0.035, 0.010000000000000005, 0.010000000000000005, 0.17]",grasping,25777,766004792,7.647315964797775,-31.85951078785621,93.85226232010064,1.6340927407458399,-0.49749284915822983,-0.1426224869926812
"[-0.015, 0.010000000000000005, 0.035, 0.010000000000000005, 0.010000000000000005, 0.17]",grasping,25777,770004792,7.647191463809921,-31.83680886796732,93.81883837940066,1.6304098519789922,-0.4979133077557822,-0.14282370405456024
"[-0.015, 0.010000000000000005, 0.035, 0.010000000000000005, 0.010000000000000005, 0.17]",grasping,25777,774004792,7.638669408894696,-31.814308845235576,93.77149025830744,1.6272289627407126,-0.49951154427566413,-0.14325381715033636
"[-0.015, 0.010000000000000005, 0.035, 0.010000000000000005, 0.010000000000000005, 0.17]",grasping,25777,779004792,7.63772313141825,-31.805762160777633,93.72869963960989,0.19686199298338858,-0.5006326457228255,-0.14943242250070077
"[-0.015, 0.010000000000000005, 0.035, 0.010000000000000005, 0.010000000000000005, 0.17]",grasping,25777,782004792,7.639584956291918,-31.7688971071005,93.7024456645494,1.6198460328146722,-0.500210329527439,-0.14361864215090392
"[-0.015, 0.010000000000000005, 0.035, 0.010000000000000005, 0.010000000000000005, 0.17]",grasping,25777,786004792,7.6394498080450814,-31.74621126853379,93.66885410396706,1.6161754907113106,-0.5006317688124848,-0.14381115333600114
"[-0.015, 0.010000000000000005, 0.035, 0.010000000000000005, 0.010000000000000005, 0.17]",grasping,25777,790004792,7.63913407960132,-31.72362728132607,93.63507081075745,1.6125273676148715,-0.5010789530633755,-0.14401012500309152
"[-0.015, 0.010000000000000005, 0.035, 0.010000000000000005, 0.010000000000000005, 0.17]",grasping,25777,794004792,7.638903397029181,-31.700997419917293,93.6013218303577,1.6088698113933302,-0.5015135346643635,-0.1442069157209387
"[-0.015, 0.010000000000000005, 0.035, 0.010000000000000005, 0.010000000000000005, 0.17]",grasping,25777,798004792,7.638541451126532,-31.66704408246644,93.55059800467556,1.60338409342866,-0.5021674848200748,-0.1445030594714266
"[-0.015, 0.010000000000000005, 0.035, 0.010000000000000005, 0.010000000000000005, 0.17]",grasping,25777,802004792,7.63841846364148,-31.655723692069877,93.53366306790429,1.6015557408186671,-0.5023857507052606,-0.1446018918849986
"[-0.015, 0.010000000000000005, 0.035, 0.010000000000000005, 0.010000000000000005, 0.17]",grasping,25777,806004792,7.638169521657069,-31.633078774841955,93.49975246594548,1.597899340280292,-0.5028226427099768,-0.14479966370423936
"[-0.015, 0.010000000000000005, 0.035, 0.010000000000000005, 0.010000000000000005, 0.17]",grasping,25777,810004792,7.637916930505047,-31.610428197443913,93.46578747761896,1.5942433199464479,-0.5032599840063468,-0.14499753409419835
"[-0.015, 0.010000000000000005, 0.035, 0.010000000000000005, 0.010000000000000005, 0.17]",grasping,25777,814004792,7.6376609496002965,-31.58777184547076,93.43176805025635,1.5905876576490607,-0.5036977489674989,-0.14519546735329492
"[-0.015, 0.010000000000000005, 0.035, 0.010000000000000005, 0.010000000000000005, 0.17]",grasping,25777,818004792,7.637401761608607,-31.565109649530882,93.39769415653501,1.5869323392200272,-0.5041359194052749,-0.14539344031048207
"[-0.015, 0.010000000000000005, 0.035, 0.010000000000000005, 0.010000000000000005, 0.17]",grasping,25777,822004792,7.6271088430395615,-31.54239301396429,93.34852287958772,1.5840259886917996,-0.5059506163279369,-0.14582502744674142
"[-0.015, 0.010000000000000005, 0.035, 0.010000000000000005, 0.010000000000000005, 0.17]",grasping,25777,826004792,7.569363722503554,-31.521190065101887,93.2044480705494,1.5835020037887437,-0.5146140477897257,-0.14796874316422437
"[-0.015, 0.010000000000000005, 0.035, 0.010000000000000005, 0.010000000000000005, 0.17]",grasping,25777,830004792,7.573134869787634,-31.497945938045472,93.15298474630906,1.5798157460210256,-0.5145866984075748,-0.14798481984211764
"[-0.015, 0.010000000000000005, 0.035, 0.010000000000000005, 0.010000000000000005, 0.17]",grasping,25777,834004792,7.573972755167046,-31.489791788287786,93.11444862700203,0.14966686603142576,-0.515404313936156,-0.15405060765504752
"[-0.015, 0.010000000000000005, 0.035, 0.010000000000000005, 0.010000000000000005, 0.17]",grasping,25777,838004792,7.5747653533838335,-31.453128762170852,93.0872554451598,1.5727117968688518,-0.515144854297581,-0.14821037044452423
"[-0.015, 0.010000000000000005, 0.035, 0.010000000000000005, 0.010000000000000005, 0.17]",grasping,25777,842004792,7.574163388773714,-31.43065491376608,93.05441283395572,1.5690566178151448,-0.5156445062731819,-0.14833929305218896
"[-0.015, 0.010000000000000005, 0.035, 0.010000000000000005, 0.010000000000000005, 0.17]",grasping,25777,846004792,7.565863627880478,-31.40840238423416,93.00927771901615,1.5658922199568504,-0.5172132773494709,-0.1486865581601059
"[-0.015, 0.010000000000000005, 0.035, 0.010000000000000005, 0.010000000000000005, 0.17]",grasping,25777,850004792,7.562710065042626,-31.386292282208288,92.9677682743866,1.5623657663266926,-0.5181187166043343,-0.14897852624788233
"[-0.015, 0.010000000000000005, 0.035, 0.010000000000000005, 0.010000000000000005, 0.17]",grasping,25777,854004792,7.562355468985764,-31.36360973997721,92.93394046830295,1.558760297387031,-0.5185497920062007,-0.148993997730273
"[-0.015, 0.010000000000000005, 0.035, 0.010000000000000005, 0.010000000000000005, 0.17]",grasping,25777,858004792,7.549631489675618,-31.34136707526821,92.87917380210533,1.5558297270416692,-0.520747435374945,-0.14949770864177991
"[-0.015, 0.010000000000000005, 0.035, 0.010000000000000005, 0.010000000000000005, 0.17]",grasping,25777,862004792,7.542776393444955,-31.319138351720124,92.82863174575391,1.552534295952993,-0.5221848668627027,-0.14988411891612952
"[-0.015, 0.010000000000000005, 0.035, 0.010000000000000005, 0.010000000000000005, 0.17]",grasping,25777,866004792,7.543378471371802,-31.29667239469014,92.79480688069319,1.5489811231906436,-0.5224960009127159,-0.14997984391911445
"[-0.015, 0.010000000000000005, 0.035, 0.010000000000000005, 0.010000000000000005, 0.17]",grasping,25777,870004792,7.53063706678129,-31.274184974119454,92.73408671979838,1.5463303017765542,-0.5246467072292048,-0.15081709596259663
"[-0.015, 0.010000000000000005, 0.035, 0.010000000000000005, 0.010000000000000005, 0.17]",grasping,25777,874004792,7.509094076619049,-31.252105272238833,92.65729440738227,1.5437411312015916,-0.5281822615815573,-0.15151976577014747
"[-0.015, 0.010000000000000005, 0.035, 0.010000000000000005, 0.010000000000000005, 0.17]",grasping,25777,878004792,7.484566950653988,-31.230227463038762,92.57351692160132,1.5415966586688048,-0.5321089021833799,-0.1523429251814613
"[-0.015, 0.010000000000000005, 0.035, 0.010000000000000005, 0.010000000000000005, 0.17]",grasping,25777,882004792,7.46912810107086,-31.20811648556428,92.5032832253859,1.538862855900613,-0.5347735355089183,-0.15286918054274512
"[-0.015, 0.010000000000000005, 0.035, 0.010000000000000005, 0.010000000000000005, 0.17]",grasping,25777,886004792,7.4530349640055125,-31.200325516373937,92.43481651366311,0.10968970847163773,-0.5379988854307511,-0.159262892049141
"[-0.015, 0.010000000000000005, 0.035, 0.010000000000000005, 0.010000000000000005, 0.17]",grasping,25777,891004792,7.4345591542675455,-31.178334672397256,92.36171160700029,0.10699649255562682,-0.5411285350560735,-0.15990292095766845
"[-0.015, 0.010000000000000005, 0.035, 0.010000000000000005, 0.010000000000000005, 0.17]",grasping,25777,894004792,7.430222219208478,-31.141911334002806,92.31914375105266,1.5304573262070085,-0.5416386990151911,-0.1541947324063081
"[-0.015, 0.010000000000000005, 0.035, 0.010000000000000005, 0.010000000000000005, 0.17]",grasping,25777,898004792,7.429664082800024,-31.119694989413222,92.28392011996569,1.5269992823051763,-0.5421226406549633,-0.15423315151025396
"[-0.015, 0.010000000000000005, 0.035, 0.010000000000000005, 0.010000000000000005, 0.17]",grasping,25777,902004792,7.403360455262068,-31.097851556083217,92.20387959532442,1.524851954626088,-0.5462519439659503,-0.15513501456821766
"[-0.015, 0.010000000000000005, 0.035, 0.010000000000000005, 0.010000000000000005, 0.17]",grasping,25777,906004792,7.3921675191706715,-31.075884976405604,92.13802991570466,1.522079131860272,-0.5482970543840319,-0.1557851268246624
"[-0.015, 0.010000000000000005, 0.035, 0.010000000000000005, 0.010000000000000005, 0.17]",grasping,25777,910004792,7.3917975963334355,-31.05385927949155,92.0956858552282,1.5187723676848164,-0.548762973782427,-0.15605662390893005
"[-0.015, 0.010000000000000005, 0.035, 0.010000000000000005, 0.010000000000000005, 0.17]",grasping,25777,914004792,7.364308920171775,-31.032236542224428,92.01028214041357,1.516826641980816,-0.5529958186399314,-0.15719684522020372
"[-0.015, 0.010000000000000005, 0.035, 0.010000000000000005, 0.010000000000000005, 0.17]",grasping,25777,918004792,7.353246773616897,-31.01032146884731,91.94410396748044,1.5140169475807554,-0.5550214840382254,-0.1578512821935566
"[-0.015, 0.010000000000000005, 0.035, 0.010000000000000005, 0.010000000000000005, 0.17]",grasping,25777,922004792,7.350219463032734,-30.988298960218565,91.89738561975452,1.511035772241618,-0.5558151540840188,-0.1582064983639483
"[-0.015, 0.010000000000000005, 0.035, 0.010000000000000005, 0.010000000000000005, 0.17]",grasping,25777,926004792,7.328754358847081,-30.96668572848991,91.81493840665117,1.5087130057764533,-0.5593485343310117,-0.1592089130882085
"[-0.015, 0.010000000000000005, 0.035, 0.010000000000000005, 0.010000000000000005, 0.17]",grasping,25777,930004792,7.324599915931311,-30.944815931901612,91.75925677148376,1.5056657689565784,-0.5604957854018091,-0.1596224956158131
"[-0.015, 0.010000000000000005, 0.035, 0.010000000000000005, 0.010000000000000005, 0.17]",grasping,25777,934004792,7.320110263055969,-30.92287047293459,91.7114946515501,1.502783074098688,-0.5614745625155837,-0.1600306334231354
"[-0.015, 0.010000000000000005, 0.035, 0.010000000000000005, 0.010000000000000005, 0.17]",grasping,25777,938004792,7.302787901648132,-30.901190752208965,91.63410726802297,1.500249212948435,-0.5644794267439629,-0.160908510113845
"[-0.015, 0.010000000000000005, 0.035, 0.010000000000000005, 0.010000000000000005, 0.17]",grasping,25777,942004792,7.294708644286301,-30.893741279554913,91.57203889301724,0.07066069818921994,-0.5666436613009825,-0.16737252231797273
"[-0.015, 0.010000000000000005, 0.035, 0.010000000000000005, 0.010000000000000005, 0.17]",grasping,25777,946004792,7.285706054660543,-30.857470253068065,91.5290725700558,1.4945090764916291,-0.5675640799843014,-0.16194494348371435
"[-0.015, 0.010000000000000005, 0.035, 0.010000000000000005, 0.010000000000000005, 0.17]",grasping,25777,950004792,7.258515076577264,-30.83583277721063,91.44600388410548,1.4921804353461658,-0.5717165795168404,-0.16314262864288154
"[-0.015, 0.010000000000000005, 0.035, 0.010000000000000005, 0.010000000000000005, 0.17]",grasping,25777,954004792,7.246652336884634,-30.814034738924647,91.39067356631054,1.4893264937787762,-0.5737352826088512,-0.16375645671780892
"[-0.015, 0.010000000000000005, 0.035, 0.010000000000000005, 0.010000000000000005, 0.17]",grasping,25777,958004792,7.22823506764653,-30.792220342492552,91.33195060059442,1.4868087745803575,-0.5763291975103443,-0.16458033016248674
"[-0.015, 0.010000000000000005, 0.035, 0.010000000000000005, 0.010000000000000005, 0.17]",grasping,25777,962004792,7.202499856971102,-30.770508272587122,91.25328120328281,1.4844200410773896,-0.5802870796072666,-0.1657170370905614
"[-0.015, 0.010000000000000005, 0.035, 0.010000000000000005, 0.010000000000000005, 0.17]",grasping,25777,966004792,7.191363300145647,-30.74875494266422,91.2020268729199,1.4814632541536907,-0.5822020610296164,-0.1663159243450999
"[-0.015, 0.010000000000000005, 0.035, 0.010000000000000005, 0.010000000000000005, 0.17]",grasping,25777,970004792,7.173733452557209,-30.726985547804087,91.14275802569821,1.4789864265622112,-0.5846804581807761,-0.16713919180642212
"[-0.015, 0.010000000000000005, 0.035, 0.010000000000000005, 0.010000000000000005, 0.17]",grasping,25777,974004792,7.148015942474981,-30.71981093937587,91.05339773138789,0.04997775537725979,-0.5893241637591636,-0.17421664716356733
"[-0.015, 0.010000000000000005, 0.035, 0.010000000000000005, 0.010000000000000005, 0.17]",grasping,25777,978004792,7.145142336909617,-30.683551083103193,91.01902701323607,1.4734233432374841,-0.5893904091717741,-0.16871100256910077
"[-0.015, 0.010000000000000005, 0.035, 0.010000000000000005, 0.010000000000000005, 0.17]",grasping,25777,982004792,7.130588935674,-30.66176462242207,90.96091648193735,1.47086719355645,-0.5914556494741954,-0.1695914685223443
"[-0.015, 0.010000000000000005, 0.035, 0.010000000000000005, 0.010000000000000005, 0.17]",grasping,25777,986004792,7.115155942280017,-30.64017408761314,90.89369344080046,1.46803863096346,-0.5942191395759263,-0.1704342718310493
"[-0.015, 0.010000000000000005, 0.035, 0.010000000000000005, 0.010000000000000005, 0.17]",grasping,25777,990004792,7.109578848675929,-30.618380374749233,90.85136321035785,1.4649293398765741,-0.5951877906900612,-0.17100128276923676
"[-0.015, 0.010000000000000005, 0.035, 0.010000000000000005, 0.010000000000000005, 0.17]",grasping,25777,994004792,7.097496987828956,-30.596597613021267,90.80440290368244,1.4616991495534761,-0.5967481328820642,-0.17178023009537335
"[-0.015, 0.010000000000000005, 0.035, 0.010000000000000005, 0.010000000000000005, 0.17]",grasping,25777,998004792,7.083794069553502,-30.57492793950514,90.75745658203705,1.4588370966085615,-0.5996737709569836,-0.17261811761209533
"[-0.015, 0.010000000000000005, 0.035, 0.010000000000000005, 0.010000000000000005, 0.17]",grasping,25778,2004792,7.07858888587835,-30.553346912915572,90.7088411405922,1.4557581876160266,-0.6005628240658192,-0.1732113652299193
"[-0.015, 0.010000000000000005, 0.035, 0.010000000000000005, 0.010000000000000005, 0.17]",grasping,25778,7004792,7.06655905585185,-30.54622396071745,90.62393109137078,0.027068045394887275,-0.6030499643118311,-0.18006929900476287
"[-0.015, 0.010000000000000005, 0.035, 0.010000000000000005, 0.010000000000000005, 0.17]",grasping,25778,11004792,7.074750451789077,-30.499625502419377,90.56937700209387,1.4485289174383713,-0.6019246107399399,-0.17432208632424162
"[-0.015, 0.010000000000000005, 0.035, 0.010000000000000005, 0.010000000000000005, 0.17]",grasping,25778,14004792,7.082988407619397,-30.488798259979035,90.56943673918428,1.446198959027946,-0.6011167886390212,-0.17419663264010898
"[-0.015, 0.010000000000000005, 0.035, 0.010000000000000005, 0.010000000000000005, 0.17]",grasping,25778,18004792,7.082643261751182,-30.467782075701052,90.50300118197346,1.4434849168517252,-0.6013745726039775,-0.17446813041372355
"[-0.015, 0.010000000000000005, 0.035, 0.010000000000000005, 0.010000000000000005, 0.17]",grasping,25778,22004792,7.095199704843697,-30.446363120763113,90.49580152164461,1.439000967377801,-0.5998292974893714,-0.1744002100275699
"[-0.015, 0.010000000000000005, 0.035, 0.010000000000000005, 0.010000000000000005, 0.17]",grasping,25778,26004792,7.1045752204399255,-30.425050157422056,90.49756393598867,1.434981421913196,-0.599484553983402,-0.17458711922821035
"[-0.015, 0.010000000000000005, 0.035, 0.010000000000000005, 0.010000000000000005, 0.17]",grasping,25778,30004792,7.107943300395888,-30.403770952240205,90.48550688784165,1.4309728467085743,-0.5998511190425283,-0.17481677502286186
"[-0.015, 0.010000000000000005, 0.035, 0.010000000000000005, 0.010000000000000005, 0.17]",grasping,25778,34004792,7.109391400700018,-30.38289708592478,90.44918299476798,1.4280953578031124,-0.5995688602101632,-0.17527585980502236
"[-0.015, 0.010000000000000005, 0.035, 0.010000000000000005, 0.010000000000000005, 0.17]",grasping,25778,38004792,7.12102466740619,-30.362584722377125,90.39073340199904,1.4248537959457026,-0.5991089903222027,-0.1756367457590149
"[-0.015, 0.010000000000000005, 0.035, 0.010000000000000005, 0.010000000000000005, 0.17]",grasping,25778,42004792,7.152609712865563,-30.356802228241314,90.3512589248887,-0.004811770337088017,-0.596042068288565,-0.18130138213498126
"[-0.015, 0.010000000000000005, 0.035, 0.010000000000000005, 0.010000000000000005, 0.17]",grasping,25778,46004792,7.182408822695827,-30.335857307419754,90.39077948146397,-0.011055411232587575,-0.5913528566179056,-0.17975516658053303
"[-0.015, 0.010000000000000005, 0.035, 0.010000000000000005, 0.010000000000000005, 0.17]",grasping,25778,50004792,7.177269941714337,-30.314612051992956,90.42172815053081,-0.015049549002489337,-0.5947122459335604,-0.18052225273506506
"[-0.015, 0.010000000000000005, 0.035, 0.010000000000000005, 0.010000000000000005, 0.17]",grasping,25778,54004792,7.164319426730454,-30.27927607209754,90.41452143466836,1.4074186089183418,-0.59662349204995,-0.17530981652682964
"[-0.015, 0.010000000000000005, 0.035, 0.010000000000000005, 0.010000000000000005, 0.17]",grasping,25778,58004792,7.154271571627781,-30.25836426426322,90.39878950487528,1.4035695061521476,-0.5984561215184119,-0.17583654305276752
"[-0.015, 0.010000000000000005, 0.035, 0.010000000000000005, 0.010000000000000005, 0.17]",grasping,25778,62004792,7.147531010414849,-30.23742506000884,90.38101957811571,1.3998184852918922,-0.5998080544147975,-0.1762072064248026
"[-0.015, 0.010000000000000005, 0.035, 0.010000000000000005, 0.010000000000000005, 0.17]",grasping,25778,67004792,7.138969639113223,-30.23114065450782,90.35932895322932,-0.030579671252454865,-0.6019990262249537,-0.1825367748648853
"[-0.015, 0.010000000000000005, 0.035, 0.010000000000000005, 0.010000000000000005, 0.17]",grasping,25778,70004792,7.1374842075027445,-30.195623691566478,90.34473894679856,1.3923540982303209,-0.6021035428132415,-0.17679166062446772
"[-0.015, 0.010000000000000005, 0.035, 0.010000000000000005, 0.010000000000000005, 0.17]",grasping,25778,74004792,7.130373106645769,-30.18938153325394,90.3229900809963,-0.03804561825897079,-0.6041427082468345,-0.18305715454862548
"[-0.015, 0.010000000000000005, 0.035, 0.010000000000000005, 0.010000000000000005, 0.17]",grasping,25778,78004792,7.129463824058879,-30.153885264856267,90.30838641620062,1.3848865855949208,-0.6041891144077688,-0.177288168737754
"[-0.015, 0.010000000000000005, 0.035, 0.010000000000000005, 0.010000000000000005, 0.17]",grasping,25778,82004792,7.125848583215817,-30.133030892148902,90.29018524180468,1.3811521002705338,-0.6051921121093469,-0.1775205744374283
"[-0.015, 0.010000000000000005, 0.035, 0.010000000000000005, 0.010000000000000005, 0.17]",grasping,25778,86004792,7.122395102239283,-30.11218292236482,90.27195955450453,1.3774177700355297,-0.6061786804553674,-0.1777466620329895
"[-0.015, 0.010000000000000005, 0.035, 0.010000000000000005, 0.010000000000000005, 0.17]",grasping,25778,90004792,7.119054978140667,-30.091339654963353,90.25370674921027,1.3736838745410584,-0.6071536532119948,-0.17796835506133157
"[-0.015, 0.010000000000000005, 0.035, 0.010000000000000005, 0.010000000000000005, 0.17]",grasping,25778,94004792,7.115793845343324,-30.070499872694786,90.23542584178519,1.369950582182898,-0.6081204937829673,-0.1781869753080384
"[-0.015, 0.010000000000000005, 0.035, 0.010000000000000005, 0.010000000000000005, 0.17]",grasping,25778,98004792,7.112587241500003,-30.04966270174587,90.21711673923858,1.3662179907934737,-0.6090816908419278,-0.17840343637470235
"[-0.015, 0.010000000000000005, 0.035, 0.010000000000000005, 0.010000000000000005, 0.17]",grasping,25778,102004792,7.109408301789659,-30.02882775594432,90.19877547512225,1.3624865398664154,-0.6100403027119079,-0.178618317836984
"[-0.015, 0.010000000000000005, 0.035, 0.010000000000000005, 0.010000000000000005, 0.17]",grasping,25778,106004792,7.106230361958016,-30.007994491623915,90.18038598812015,1.3587565417818999,-0.61099903649723,-0.1788331674704391
"[-0.015, 0.010000000000000005, 0.035, 0.010000000000000005, 0.010000000000000005, 0.17]",grasping,25778,110004792,7.103070258147942,-29.98716240482204,90.16196739542397,1.3550273728485045,-0.6119558278658604,-0.17904720702496557
"[-0.015, 0.010000000000000005, 0.035, 0.010000000000000005, 0.010000000000000005, 0.17]",grasping,25778,114004792,7.0999204904955375,-29.966331306901765,90.14352201265714,1.3512990431629486,-0.6129115167027707,-0.1792606291813339
"[-0.015, 0.010000000000000005, 0.035, 0.010000000000000005, 0.010000000000000005, 0.17]",grasping,25778,118004792,7.096776040259166,-29.94550103378407,90.12505073879225,1.3475715283517338,-0.6138666613537818,-0.1794736116382365
"[-0.015, 0.010000000000000005, 0.035, 0.010000000000000005, 0.010000000000000005, 0.17]",grasping,25778,122004792,7.093633489610131,-29.924671460607453,90.10655408536914,1.3438448202068567,-0.614821631104996,-0.179686270789448
"[-0.015, 0.010000000000000005, 0.035, 0.010000000000000005, 0.010000000000000005, 0.17]",grasping,25778,126004792,7.090490423817399,-29.90384249691097,90.0880324249251,1.340118913520148,-0.6157766859358823,-0.17989868663453712
"[-0.015, 0.010000000000000005, 0.035, 0.010000000000000005, 0.010000000000000005, 0.17]",grasping,25778,130004792,7.084615780945083,-29.897656288263743,90.06581471819787,-0.09027070398386128,-0.6176902132789438,-0.18611327142837875
"[-0.015, 0.010000000000000005, 0.035, 0.010000000000000005, 0.010000000000000005, 0.17]",grasping,25778,134004792,7.084196337893774,-29.862186158615085,90.05091518735014,1.332669488636599,-0.6176877437200954,-0.18032299518695283
"[-0.015, 0.010000000000000005, 0.035, 0.010000000000000005, 0.010000000000000005, 0.17]",grasping,25778,138004792,7.081043194779415,-29.841358706356225,90.03232002664298,1.3289459640428216,-0.6186439775303317,-0.18053495440385137
"[-0.015, 0.010000000000000005, 0.035, 0.010000000000000005, 0.010000000000000005, 0.17]",grasping,25778,142004792,7.077885053034258,-29.820531699153857,90.01370071413322,1.3252232280222531,-0.6196007833228778,-0.18074681196862863
"[-0.015, 0.010000000000000005, 0.035, 0.010000000000000005, 0.010000000000000005, 0.17]",grasping,25778,146004792,7.074721456221997,-29.799705121898455,89.9950573686408,1.3215012787289993,-0.6205582112678075,-0.1809585812773068
"[-0.015, 0.010000000000000005, 0.035, 0.010000000000000005, 0.010000000000000005, 0.17]",grasping,25778,150004792,7.072054361598215,-29.77884284264744,89.97555384749717,1.3178013002035516,-0.6214388968249895,-0.18122506895945112
"[-0.015, 0.010000000000000005, 0.035, 0.010000000000000005, 0.010000000000000005, 0.17]",grasping,25778,154004792,7.069543615850482,-29.757987526084147,89.95560641107308,1.3141082534008712,-0.6223019900939393,-0.18151094007955892
"[-0.015, 0.010000000000000005, 0.035, 0.010000000000000005, 0.010000000000000005, 0.17]",grasping,25778,158004792,7.064409400275604,-29.751777787072154,89.93168131821491,-0.11624164455409525,-0.624109886519621,-0.18780580043554757
"[-0.015, 0.010000000000000005, 0.035, 0.010000000000000005, 0.010000000000000005, 0.17]",grasping,25778,162004792,7.0619509829815765,-29.730920328947928,89.91161055117281,-0.11993012558999094,-0.6249635103684336,-0.188088322068933
"[-0.015, 0.010000000000000005, 0.035, 0.010000000000000005, 0.010000000000000005, 0.17]",grasping,25778,166004792,7.062159024032306,-29.69541571289242,89.8954248896169,1.303041735796589,-0.6248646777771477,-0.18235935324936736
"[-0.015, 0.010000000000000005, 0.035, 0.010000000000000005, 0.010000000000000005, 0.17]",grasping,25778,170004792,7.058459126246095,-29.66413026741981,89.86524019441495,1.2975115464159084,-0.6261464268547686,-0.18278222745973627
"[-0.015, 0.010000000000000005, 0.035, 0.010000000000000005, 0.010000000000000005, 0.17]",grasping,25778,174004792,7.057222883491234,-29.653701966511214,89.8551663388286,1.2956685474833696,-0.6265740164087612,-0.1829230849975796
"[-0.015, 0.010000000000000005, 0.035, 0.010000000000000005, 0.010000000000000005, 0.17]",grasping,25778,178004792,7.054745549810415,-29.632845666298156,89.83500045068465,1.2919831452361576,-0.6274297580083399,-0.18320467413983976
"[-0.015, 0.010000000000000005, 0.035, 0.010000000000000005, 0.010000000000000005, 0.17]",grasping,25778,182004792,7.0522614297260695,-29.611989788518216,89.8148105076751,1.2882985375209661,-0.6282862874165583,-0.1834861128924089
"[-0.015, 0.010000000000000005, 0.035, 0.010000000000000005, 0.010000000000000005, 0.17]",grasping,25778,186004792,0.0,0.0,0.0,0.0,0.0,0.0
"[-0.015, 0.010000000000000005, 0.035, 0.010000000000000005, 0.010000000000000005, 0.17]",grasping,25778,190004792,-0.002498468981633195,0.020854989104353905,-0.020237609353813468,-0.0036830179670595473,-0.0008581954896826893,-0.0002811771600639279
"[-0.015, 0.010000000000000005, 0.035, 0.010000000000000005, 0.010000000000000005, 0.17]",grasping,25778,194004792,-0.005002926610118585,0.04170923028010165,-0.0405176757966359,-0.007365190707860375,-0.0017180162317852465,-0.0005642454852576861
"[-0.015, 0.010000000000000005, 0.035, 0.010000000000000005, 0.010000000000000005, 0.17]",grasping,25778,198004792,-0.006344227721146289,0.06255915617651908,-0.06025510978990667,-0.01107388111765032,-0.002436997904711302,-0.0008276437931398206
"[-0.015, 0.010000000000000005, 0.035, 0.010000000000000005, 0.010000000000000005, 0.17]",grasping,25778,202004792,-0.009784216003475343,0.06875104810652388,-0.08375480643309174,-1.4414379929347276,-0.004029186083149616,-0.007102264061685459
"[-0.015, 0.010000000000000005, 0.035, 0.010000000000000005, 0.010000000000000005, 0.17]",grasping,25778,206004792,-0.00864128969318756,0.10425556533312275,-0.09930176763060672,-0.018495564191736986,-0.0038240348680566028,-0.0013458676789342983
"[-0.015, 0.010000000000000005, 0.035, 0.010000000000000005, 0.010000000000000005, 0.17]",grasping,25778,210004792,-0.00983245704004787,0.1251022266666162,-0.11884212514912917,-0.022206292051086048,-0.004523801166637087,-0.001606158323921747
"[-0.015, 0.010000000000000005, 0.035, 0.010000000000000005, 0.010000000000000005, 0.17]",grasping,25778,214004792,1.9469768326052037,1.3354117605838738,-1.1365581764354715,-0.14155240237515065,0.7358758598615638,0.35933907094279594
"[-0.015, 0.010000000000000005, 0.035, 0.010000000000000005, 0.010000000000000005, 0.17]",grasping,25778,218004792,1.5917467237887646,0.19624775851006504,-0.7286146175832329,-0.045765849207615644,0.16119398535392448,0.0057738424181046355
"[-0.015, 0.010000000000000005, 0.035, 0.010000000000000005, 0.010000000000000005, 0.17]",grasping,25778,222004792,1.2576944228805473,0.2885057565187026,-0.8257196161157481,-0.05308889171828632,0.13028797960488525,0.009220712692775468
"[-0.015, 0.010000000000000005, 0.035, 0.010000000000000005, 0.010000000000000005, 0.17]",grasping,25778,226004792,0.9287508119376575,0.3559737313676088,-0.7425610458966219,-0.06416535298041996,0.09216130840035625,0.008402779936812599
"[-0.015, 0.010000000000000005, 0.035, 0.010000000000000005, 0.010000000000000005, 0.17]",grasping,25778,230004792,0.5977364302501424,0.3985299782595071,-0.6079964679197332,-1.5024604640656662,0.05101846811612615,-0.0004972591494865064
"[-0.015, 0.010000000000000005, 0.035, 0.010000000000000005, 0.010000000000000005, 0.17]",grasping,25778,234004792,0.44637100059104995,0.4484353847129725,-0.5436212812287806,-0.08301053880546544,0.03244823727841872,0.0035169345898855564
"[-0.015, 0.010000000000000005, 0.035, 0.010000000000000005, 0.010000000000000005, 0.17]",grasping,25778,238004792,0.29404105224293886,0.4825861881618394,-0.5213733686228466,-0.08892818191110331,0.013111459024738092,0.0012162243258009298
"[-0.015, 0.010000000000000005, 0.035, 0.010000000000000005, 0.010000000000000005, 0.17]",grasping,25778,242004792,0.19530863767844497,0.512434211920997,-0.523712743423232,-0.09412988034639297,0.0009119048789377748,-0.0003417901869190443
"[-0.015, 0.010000000000000005, 0.035, 0.010000000000000005, 0.010000000000000005, 0.17]",grasping,25778,246004792,0.12585722431752444,0.5393941252771128,-0.5322328859160734,-0.09873979251927692,-0.00771993025269091,-0.001543123449276096
"[-0.015, 0.010000000000000005, 0.035, 0.010000000000000005, 0.010000000000000005, 0.17]",grasping,25778,250004792,0.0635703899345792,0.5505197049747643,-0.5464359952919153,-1.529793526945612,-0.016122276479605735,-0.00870414102715611
"[-0.015, 0.010000000000000005, 0.035, 0.010000000000000005, 0.010000000000000005, 0.17]",grasping,25778,254004792,0.03931151561308521,0.5880008156565388,-0.557855261116444,-0.10712248164796617,-0.018859431222855383,-0.0033454278221124456
"[-0.015, 0.010000000000000005, 0.035, 0.010000000000000005, 0.010000000000000005, 0.17]",grasping,25778,258004792,0.012617012781257486,0.6107346779091856,-0.5732885009986433,-0.11108437901780396,-0.022509892401543774,-0.004033107397199809
"[-0.015, 0.010000000000000005, 0.035, 0.010000000000000005, 0.010000000000000005, 0.17]",grasping,25778,262004792,-0.00707033189415629,0.6328629574669868,-0.5898965481855072,-0.11495950305829702,-0.025351057557085666,-0.004618966463482754
"[-0.015, 0.010000000000000005, 0.035, 0.010000000000000005, 0.010000000000000005, 0.17]",grasping,25778,266004792,-0.021712046041704625,0.6545826685189766,-0.6073915056581427,-0.11877626981858903,-0.02760956725630881,-0.005126004795741046
"[-0.015, 0.010000000000000005, 0.035, 0.010000000000000005, 0.010000000000000005, 0.17]",grasping,25778,270004792,-0.03271737403361019,0.6760258546169133,-0.6255554202848117,-0.12255355323457506,-0.02944811910653322,-0.005572650837453397
"[-0.015, 0.010000000000000005, 0.035, 0.010000000000000005, 0.010000000000000005, 0.17]",grasping,25778,274004792,-0.04110083694965283,0.6972812386785989,-0.6442235922768731,-0.12630395682931972,-0.030983821375499376,-0.005973431259692297
"[-0.015, 0.010000000000000005, 0.035, 0.010000000000000005, 0.010000000000000005, 0.17]",grasping,25778,278004792,-0.050959073576864355,0.7038144908130661,-0.6672387505372939,-1.5566915284053862,-0.03332205105329766,-0.01238495858311145
"[-0.015, 0.010000000000000005, 0.035, 0.010000000000000005, 0.010000000000000005, 0.17]",grasping,25778,282004792,-0.05272277140099124,0.7394483789422388,-0.6826086553667068,-0.13375512360984015,-0.03346074951781264,-0.006679916618391957
"[-0.015, 0.010000000000000005, 0.035, 0.010000000000000005, 0.010000000000000005, 0.17]",grasping,25778,286004792,-0.056868918263331736,0.760427951724143,-0.7021639745314587,-0.1374653754218061,-0.034506779938203724,-0.007000875960905373
"[-0.015, 0.010000000000000005, 0.035, 0.010000000000000005, 0.010000000000000005, 0.17]",grasping,25778,290004792,-0.06030660573563473,0.7813659681920875,-0.7218869936935448,-0.14116925662153496,-0.035470883156130895,-0.007307482965950796
"[-0.015, 0.010000000000000005, 0.035, 0.010000000000000005, 0.010000000000000005, 0.17]",grasping,25778,294004792,-0.06323413612762074,0.802275149622897,-0.7417398594678133,-0.1448685122841065,-0.036375968868162856,-0.0076034676491607
"[-0.015, 0.010000000000000005, 0.035, 0.010000000000000005, 0.010000000000000005, 0.17]",grasping,25778,298004792,-0.0657947529033871,0.82316420557801,-0.7616946404068159,-0.148564327219988,-0.03723858999313823,-0.007891613073779502
"[-0.015, 0.010000000000000005, 0.035, 0.010000000000000005, 0.010000000000000005, 0.17]",grasping,25778,302004792,-0.06809195657693046,0.8440391182020939,-0.7817307710491832,-0.1522575081247129,-0.03807070968007775,-0.008173986914824904
"[-0.015, 0.010000000000000005, 0.035, 0.010000000000000005, 0.010000000000000005, 0.17]",grasping,25778,306004792,-0.07021595564598204,0.8649036672981048,-0.8018414368943496,-0.155947998459714,-0.03888292676005989,-0.008452222295672773
"[-0.015, 0.010000000000000005, 0.035, 0.010000000000000005, 0.010000000000000005, 0.17]",grasping,25778,310004792,-0.07222464080032864,0.8857609792628622,-0.8220269831240756,-0.15963628909682612,-0.039681729230832574,-0.008728338840395977
"[-0.015, 0.010000000000000005, 0.035, 0.010000000000000005, 0.010000000000000005, 0.17]",grasping,25778,314004792,-0.07413545010898215,0.9066131125048997,-0.8422611743341548,-0.16332306246141232,-0.040469104114236876,-0.009002073406797817
"[-0.015, 0.010000000000000005, 0.035, 0.010000000000000005, 0.010000000000000005, 0.17]",grasping,25778,318004792,-0.07597832311982966,0.9274614045124423,-0.8625369648288483,-0.16700853734162757,-0.04124856324916215,-0.00927409555390557
"[-0.015, 0.010000000000000005, 0.035, 0.010000000000000005, 0.010000000000000005, 0.17]",grasping,25778,322004792,-0.0777740819808379,0.9483068096459277,-0.8828496342248968,-0.17069285704565207,-0.042022534024052316,-0.009544873664996012
"[-0.015, 0.010000000000000005, 0.035, 0.010000000000000005, 0.010000000000000005, 0.17]",grasping,25778,326004792,-0.07953762946347087,0.9691500007243583,-0.9031958881430313,-0.174376113371042,-0.042792744585154474,-0.009814743008566218
"[-0.015, 0.010000000000000005, 0.035, 0.010000000000000005, 0.010000000000000005, 0.17]",grasping,25778,330004792,-0.08367940234314286,0.9753410753508511,-0.9278263583581463,-1.6047039035839894,-0.04446901395775249,-0.01610920681051803
"[-0.015, 0.010000000000000005, 0.035, 0.010000000000000005, 0.010000000000000005, 0.17]",grasping,25778,334004792,-0.08300810277596149,1.010831488966243,-0.9439802828616308,-0.1817396661196598,-0.04432651933641496,-0.010352662652065914
"[-0.015, 0.010000000000000005, 0.035, 0.010000000000000005, 0.010000000000000005, 0.17]",grasping,25778,338004792,-0.08472841437634315,1.0316703506153608,-0.9644154264987321,-0.18542003581303074,-0.04509163379921344,-0.010621019074514626
"[-0.015, 0.010000000000000005, 0.035, 0.010000000000000005, 0.010000000000000005, 0.17]",grasping,25778,342004792,-0.08644471202638293,1.0525081987197282,-0.984877853911243,-0.18909949881706767,-0.045856253935290026,-0.010889109950601772
"[-0.015, 0.010000000000000005, 0.035, 0.010000000000000005, 0.010000000000000005, 0.17]",grasping,25778,346004792,-0.08815993426037583,1.0733451484482401,-1.0053668877401094,-0.19277806994405627,-0.046620720265800664,-0.011157003547443256
"[-0.015, 0.010000000000000005, 0.035, 0.010000000000000005, 0.010000000000000005, 0.17]",grasping,25778,350004792,-0.08987620646985839,1.094181280731398,-1.0258820307636398,-0.19645575952697064,-0.04738527918045077,-0.01142474933395976
"[-0.015, 0.010000000000000005, 0.035, 0.010000000000000005, 0.010000000000000005, 0.17]",grasping,25778,355004792,-0.09400115359601457,1.1003636786762705,-1.0506512049845895,-1.6267791607296667,-0.04905970085220712,-0.01771385125041236
"[-0.015, 0.010000000000000005, 0.035, 0.010000000000000005, 0.010000000000000005, 0.17]",grasping,25778,358004792,-0.09334251980781172,1.1358448760564457,-1.0668606654858621,-0.2038118401417494,-0.048919499775132325,-0.011953901774912623
"[-0.015, 0.010000000000000005, 0.035, 0.010000000000000005, 0.010000000000000005, 0.17]",grasping,25778,362004792,-0.09509293535033336,1.156674209766809,-1.0873617743173298,-0.20748903621056503,-0.04968892923896795,-0.012217805740902199
"[-0.015, 0.010000000000000005, 0.035, 0.010000000000000005, 0.010000000000000005, 0.17]",grasping,25778,366004792,-0.0968501405763158,1.1775030296101114,-1.107887137086351,-0.2111654440339416,-0.05045916819354268,-0.01248170591014397
"[-0.015, 0.010000000000000005, 0.035, 0.010000000000000005, 0.010000000000000005, 0.17]",grasping,25778,370004792,-0.0986136120302632,1.1983313108397056,-1.1284373015611493,-0.2148410206494143,-0.0512301150822051,-0.012745579522179362
"[-0.015, 0.010000000000000005, 0.035, 0.010000000000000005, 0.010000000000000005, 0.17]",grasping,25778,374004792,-0.10038333599389038,1.2191590248800424,-1.1490123179020486,-0.21851575343962726,-0.05200176020539282,-0.013009425246454709
"[-0.015, 0.010000000000000005, 0.035, 0.010000000000000005, 0.010000000000000005, 0.17]",grasping,25778,378004792,-0.10215937728295099,1.2399861502187903,-1.169612151007442,-0.2221896373671839,-0.052774109576567474,-0.013273245002694223
"[-0.015, 0.010000000000000005, 0.035, 0.010000000000000005, 0.010000000000000005, 0.17]",grasping,25778,382004792,-0.10394179676600235,1.2608126718228405,-1.1902367582324729,-0.22586266975681618,-0.05354717005791032,-0.01353704055510796
"[-0.015, 0.010000000000000005, 0.035, 0.010000000000000005, 0.010000000000000005, 0.17]",grasping,25778,386004792,-0.10534190352595019,1.2816375140301943,-1.2106937473925967,-0.2295463080916953,-0.05427494124862775,-0.013793011768274188
"[-0.015, 0.010000000000000005, 0.035, 0.010000000000000005, 0.010000000000000005, 0.17]",grasping,25778,390004792,-0.10584974775691514,1.3024674308115927,-1.2304081400704092,-0.23325499714557463,-0.05489490148350906,-0.014019751514924572
"[-0.015, 0.010000000000000005, 0.035, 0.010000000000000005, 0.010000000000000005, 0.17]",grasping,25778,394004792,-0.10644917513315111,1.3232952830589397,-1.250082128461969,-0.23696394493230838,-0.05552715563548771,-0.014248516788902654
"[-0.015, 0.010000000000000005, 0.035, 0.010000000000000005, 0.010000000000000005, 0.17]",grasping,25778,398004792,-0.10708072048296291,1.3441218084747675,-1.2697660334719814,-0.24067283687092955,-0.05616415005049724,-0.014478406836321678
"[-0.015, 0.010000000000000005, 0.035, 0.010000000000000005, 0.010000000000000005, 0.17]",grasping,25778,402004792,-0.10772731563111115,1.3649475735083563,-1.2894712818443281,-0.24438101206269353,-0.05680304745522968,-0.014708658860336732
"[-0.015, 0.010000000000000005, 0.035, 0.010000000000000005, 0.010000000000000005, 0.17]",grasping,25778,406004792,-0.10838479590312833,1.3857726865779618,-1.3092001679675604,-0.24808835620216957,-0.057443215968347894,-0.01493908015078399
"[-0.015, 0.010000000000000005, 0.035, 0.010000000000000005, 0.010000000000000005, 0.17]",grasping,25778,410004793,-0.10905168705114043,1.4065971666821682,-1.3289532415500815,-0.25179484732507956,-0.05808445652110261,-0.01516959816095409
"[-0.015, 0.010000000000000005, 0.035, 0.010000000000000005, 0.010000000000000005, 0.17]",grasping,25778,414004793,-0.11197989895041971,1.4127695236889402,-1.352868323150318,-1.6821497780748011,-0.05961773910295354,-0.021416998141850385
"[-0.015, 0.010000000000000005, 0.035, 0.010000000000000005, 0.010000000000000005, 0.17]",grasping,25778,418004793,-0.1104108637616612,1.448244226239293,-1.368532573123943,-0.25920525744105505,-0.059369808994617745,-0.01563078598078038
"[-0.015, 0.010000000000000005, 0.035, 0.010000000000000005, 0.010000000000000005, 0.17]",grasping,25778,422004793,-0.11110228048229498,1.469066797412193,-1.3883589593790333,-0.26290917554661947,-0.060013819400775215,-0.015861415532826106
"[-0.015, 0.010000000000000005, 0.035, 0.010000000000000005, 0.010000000000000005, 0.17]",grasping,25778,426004793,-0.11405877307868995,1.4752368754231995,-1.4123657505224116,-1.6932609330974822,-0.06155014351864718,-0.02210882517046825
"[-0.015, 0.010000000000000005, 0.035, 0.010000000000000005, 0.010000000000000005, 0.17]",grasping,25778,430004793,-0.1125074350157016,1.5107099988210102,-1.4280853080124842,-0.2703144378807907,-0.06130435470013906,-0.016322688146689024
"[-0.015, 0.010000000000000005, 0.035, 0.010000000000000005, 0.010000000000000005, 0.17]",grasping,25778,434004793,-0.11548144504479829,1.5168785287651154,-1.4521533481976832,-1.7006640798833235,-0.0628425518622514,-0.02257004627580017
"[-0.015, 0.010000000000000005, 0.035, 0.010000000000000005, 0.010000000000000005, 0.17]",grasping,25778,438004793,-0.1139413179189317,1.552350582904861,-1.4679098004877886,-0.2777162683612324,-0.06259812360025885,-0.016783936750428108
"[-0.015, 0.010000000000000005, 0.035, 0.010000000000000005, 0.010000000000000005, 0.17]",grasping,25778,442004793,-0.11466878718749829,1.5731698834701362,-1.4878588413166796,-0.28141589668193123,-0.06324619255228325,-0.01701454245973999
"[-0.015, 0.010000000000000005, 0.035, 0.010000000000000005, 0.010000000000000005, 0.17]",grasping,25778,446004793,-0.11540319204461635,1.5939885183098106,-1.5078323999984775,-0.2851146670911968,-0.06389504177147187,-0.01724513254209048
"[-0.015, 0.010000000000000005, 0.035, 0.010000000000000005, 0.010000000000000005, 0.17]",grasping,25778,450004793,-0.11614448948421963,1.6148064840979544,-1.5278304627334478,-0.28881257960691603,-0.0645446663939293,-0.01747570541444693
"[-0.015, 0.010000000000000005, 0.035, 0.010000000000000005, 0.010000000000000005, 0.17]",grasping,25778,454004793,-0.11689427403611585,1.6356237638828013,-1.547864906170929,-0.2925088164512418,-0.0651955940461253,-0.017706323022601833
"[-0.015, 0.010000000000000005, 0.035, 0.010000000000000005, 0.010000000000000005, 0.17]",grasping,25778,458004793,-0.11774310997810034,1.656425837199393,-1.5706114459126894,-0.29610360812414704,-0.06585930355368796,-0.017943363938618895
"[-0.015, 0.010000000000000005, 0.035, 0.010000000000000005, 0.010000000000000005, 0.17]",grasping,25778,462004793,-0.11786587455868958,1.6772152430831007,-1.5955573770651768,-0.2996688992111743,-0.06639707061229239,-0.01816610166982202
"[-0.015, 0.010000000000000005, 0.035, 0.010000000000000005, 0.010000000000000005, 0.17]",grasping,25778,466004793,-0.11742959226438998,1.6980037099846363,-1.6211240233169093,-0.3032141336051239,-0.06685105503711963,-0.01837126604208128
"[-0.015, 0.010000000000000005, 0.035, 0.010000000000000005, 0.010000000000000005, 0.17]",grasping,25778,470004793,-0.11670331407898704,1.7187865371505424,-1.6469794549278305,-0.30675039216520866,-0.06726478183661011,-0.018567680431307465
"[-0.015, 0.010000000000000005, 0.035, 0.010000000000000005, 0.010000000000000005, 0.17]",grasping,25778,474004793,-0.11579572562457052,1.7395632299530739,-1.6730033028239433,-0.31028141170188095,-0.06765464999327442,-0.01875883398352285
"[-0.015, 0.010000000000000005, 0.035, 0.010000000000000005, 0.010000000000000005, 0.17]",grasping,25778,478004793,-0.11421258553310842,1.7707178379012127,-1.7122488728758611,-0.31557123786868235,-0.06821105328241817,-0.019039183385132608
"[-0.015, 0.010000000000000005, 0.035, 0.010000000000000005, 0.010000000000000005, 0.17]",grasping,25778,482004793,-0.1136427026399307,1.7811002212449623,-1.725373605431713,-0.3173330874007117,-0.06839115926780981,-0.019131401156132488
"[-0.015, 0.010000000000000005, 0.035, 0.010000000000000005, 0.010000000000000005, 0.17]",grasping,25778,486004793,-0.11245740977315144,1.8018616402937653,-1.75167479854629,-0.32085497959979553,-0.06874557113433677,-0.019314461257215754
"[-0.015, 0.010000000000000005, 0.035, 0.010000000000000005, 0.010000000000000005, 0.17]",grasping,25778,490004793,-0.11122581402467446,1.822618929718903,-1.778035072831642,-0.3243747155094743,-0.06909404854666046,-0.01949606368709028
"[-0.015, 0.010000000000000005, 0.035, 0.010000000000000005, 0.010000000000000005, 0.17]",grasping,25778,494004793,-0.10996135096501103,1.8433724081323923,-1.8044452801602233,-0.32789252550854303,-0.06943826409188925,-0.01967655629452897
"[-0.015, 0.010000000000000005, 0.035, 0.010000000000000005, 0.010000000000000005, 0.17]",grasping,25778,498004793,-0.11042185398251902,1.8494524368386038,-1.8366848761696701,-1.7580133000569502,-0.07059096548619792,-0.025859614278864407
"[-0.015, 0.010000000000000005, 0.035, 0.010000000000000005, 0.010000000000000005, 0.17]",grasping,25778,502004793,-0.10736236667360366,1.8848633307851976,-1.857400822300832,-0.3349213005263953,-0.07011714389103052,-0.02003599602289663
"[-0.015, 0.010000000000000005, 0.035, 0.010000000000000005, 0.010000000000000005, 0.17]",grasping,25778,506004793,-0.10777099239670918,1.8909184570075332,-1.8897680136319366,-1.765033322492867,-0.07126264395679338,-0.02622005027465718
"[-0.015, 0.010000000000000005, 0.035, 0.010000000000000005, 0.010000000000000005, 0.17]",grasping,25778,510004793,-0.10469430488866571,1.926326117873721,-1.9105502931886065,-0.34193881661835207,-0.07078623634904235,-0.02039598053248831
"[-0.015, 0.010000000000000005, 0.035, 0.010000000000000005, 0.010000000000000005, 0.17]",grasping,25778,514004793,-0.10335305845780596,1.9470526461277693,-1.937173049645338,-0.34544529718280054,-0.07111952518180087,-0.020575438265313106
"[-0.015, 0.010000000000000005, 0.035, 0.010000000000000005, 0.010000000000000005, 0.17]",grasping,25778,518004793,-0.10201180540532206,1.9677760776134328,-1.9638235751060904,-0.3489503767305112,-0.07145262212951531,-0.020754661908249483
"[-0.015, 0.010000000000000005, 0.035, 0.010000000000000005, 0.010000000000000005, 0.17]",grasping,25778,522004793,-0.10067270791446514,1.9884964898715403,-1.990500270933822,-0.3524541018299533,-0.07178580488458441,-0.020933703513443758
"[-0.015, 0.010000000000000005, 0.035, 0.010000000000000005, 0.010000000000000005, 0.17]",grasping,25778,526004793,-0.09933733127752653,2.0092139396712803,-2.0172020224875666,-0.35595650364435655,-0.07211927112603345,-0.021112600306816942
"[-0.015, 0.010000000000000005, 0.035, 0.010000000000000005, 0.010000000000000005, 0.17]",grasping,25778,530004793,-0.09800683710932745,2.029928467779669,-2.043928008016678,-0.359457604395379,-0.0724531666372964,-0.021291379965939217
"[-0.015, 0.010000000000000005, 0.035, 0.010000000000000005, 0.010000000000000005, 0.17]",grasping,25778,534004793,-0.09668209662680116,2.050640103259596,-2.070677607699537,-0.36295742052574126,-0.07278760053216338,-0.021470063383803306
"[-0.015, 0.010000000000000005, 0.035, 0.010000000000000005, 0.010000000000000005, 0.17]",grasping,25778,538004793,-0.09536376520089274,2.0713488667704034,-2.097450347249918,-0.3664559641737031,-0.07312265479369784,-0.021648666323094368
"[-0.015, 0.010000000000000005, 0.035, 0.010000000000000005, 0.010000000000000005, 0.17]",grasping,25778,542004793,-0.09405233597126461,2.092054772896393,-2.124245862556492,-0.36995324464148494,-0.07345839137988719,-0.021827200726776796
"[-0.015, 0.010000000000000005, 0.035, 0.010000000000000005, 0.010000000000000005, 0.17]",grasping,25778,546004793,-0.09452550978496621,2.0980722814037662,-2.1569546712891707,-1.8000475449692734,-0.07460893866310037,-0.028009633985684457
"[-0.015, 0.010000000000000005, 0.035, 0.010000000000000005, 0.010000000000000005, 0.17]",grasping,25778,550004793,-0.09151844831047917,2.1334571073933617,-2.1779482329182116,-0.3769419279959427,-0.07414018305399817,-0.022185802113825592
"[-0.015, 0.010000000000000005, 0.035, 0.010000000000000005, 0.010000000000000005, 0.17]",grasping,25778,554004793,-0.09026953000509597,2.154154013954127,-2.2048457691578847,-0.3804340378016081,-0.07448292837916959,-0.022365401698124177
"[-0.015, 0.010000000000000005, 0.035, 0.010000000000000005, 0.010000000000000005, 0.17]",grasping,25778,558004793,-0.08902714443048065,2.1748480756837445,-2.2317665444155494,-0.38392485953095074,-0.07482628171245498,-0.02254489671074905
"[-0.015, 0.010000000000000005, 0.035, 0.010000000000000005, 0.010000000000000005, 0.17]",grasping,25778,562004793,-0.08779199101349189,2.1955392898476873,-2.2587096755333107,-0.38741442264302695,-0.07517035281964068,-0.022724316189270732
"[-0.015, 0.010000000000000005, 0.035, 0.010000000000000005, 0.010000000000000005, 0.17]",grasping,25778,567004793,-0.08832491524980046,2.201539139413054,-2.2915819508679505,-1.8175002814480201,-0.07632678448333685,-0.028906977410160628
"[-0.015, 0.010000000000000005, 0.035, 0.010000000000000005, 0.010000000000000005, 0.17]",grasping,25778,570004793,-0.08534456498022891,2.236913190132956,-2.312661727686205,-0.39438981457476086,-0.07586081741295203,-0.023082978164907453
"[-0.015, 0.010000000000000005, 0.035, 0.010000000000000005, 0.010000000000000005, 0.17]",grasping,25778,574004793,-0.08589667112346078,2.2429059930401642,-2.3455880749719284,-1.8244726040448072,-0.07701911788477012,-0.029265443105249755
"[-0.015, 0.010000000000000005, 0.035, 0.010000000000000005, 0.010000000000000005, 0.17]",grasping,25778,578004793,-0.08292861582839706,2.278275740068075,-2.366700532549828,-0.40136025649441937,-0.07655450657034246,-0.023441443446821808
"[-0.015, 0.010000000000000005, 0.035, 0.010000000000000005, 0.010000000000000005, 0.17]",grasping,25778,582004793,-0.08173265136546437,2.2989527625037596,-2.3937522469817623,-0.40484362719412686,-0.0769025869261869,-0.02362061021359807
"[-0.015, 0.010000000000000005, 0.035, 0.010000000000000005, 0.010000000000000005, 0.17]",grasping,25778,586004793,-0.08054475813417383,2.3196269504397655,-2.4208254194965235,-0.40832576644648466,-0.07725149949453314,-0.023799735410161005
"[-0.015, 0.010000000000000005, 0.035, 0.010000000000000005, 0.010000000000000005, 0.17]",grasping,25778,590004793,-0.07936496682030292,2.340298303634725,-2.4479200000461674,-0.41180667538757315,-0.07760124837285598,-0.023978820111407895
"[-0.015, 0.010000000000000005, 0.035, 0.010000000000000005, 0.010000000000000005, 0.17]",grasping,25778,594004793,-0.07819329802127761,2.3609668214958255,-2.475035946131115,-0.4152863550098677,-0.07795183641553705,-0.024157865019468316
"[-0.015, 0.010000000000000005, 0.035, 0.010000000000000005, 0.010000000000000005, 0.17]",grasping,25778,598004793,-0.07551891721658865,2.381634521562674,-2.5013264570903146,-0.4188044862767899,-0.07812331666117689,-0.024297943825141943
"[-0.015, 0.010000000000000005, 0.035, 0.010000000000000005, 0.010000000000000005, 0.17]",grasping,25778,602004793,-0.07278494939039604,2.4023022967759324,-2.527300993290851,-0.4223274134388202,-0.07828495159654236,-0.024430840230066586
"[-0.015, 0.010000000000000005, 0.035, 0.010000000000000005, 0.010000000000000005, 0.17]",grasping,25778,606004793,-0.07012943765737845,2.42296573409795,-2.553222526441303,-0.4258515785407775,-0.07845885599922908,-0.024566311798533413
"[-0.015, 0.010000000000000005, 0.035, 0.010000000000000005, 0.010000000000000005, 0.17]",grasping,25778,610004793,-0.06904503787632343,2.4289313057559205,-2.5848162475075043,-1.8559795009009596,-0.07942233164383516,-0.030696803861165023
"[-0.015, 0.010000000000000005, 0.035, 0.010000000000000005, 0.010000000000000005, 0.17]",grasping,25778,614004793,-0.06490796624604478,2.464283262161011,-2.6050674283630286,-0.4328980346777476,-0.07881889470637304,-0.0248395854329711
"[-0.015, 0.010000000000000005, 0.035, 0.010000000000000005, 0.010000000000000005, 0.17]",grasping,25778,618004793,-0.062323783203286354,2.4849377647834565,-2.6310112871144042,-0.436419691454347,-0.07900211784975797,-0.024976676050141977
"[-0.015, 0.010000000000000005, 0.035, 0.010000000000000005, 0.010000000000000005, 0.17]",grasping,25778,622004793,-0.061300483844681786,2.4908927990790595,-2.6626621899739575,-1.8665436152331685,-0.07997272508689346,-0.031108006205499583
"[-0.015, 0.010000000000000005, 0.035, 0.010000000000000005, 0.010000000000000005, 0.17]",grasping,25778,626004793,-0.05719481260089143,2.526238379424715,-2.6829540106818968,-0.44345952052770415,-0.07937299051113034,-0.025251228370943013
"[-0.015, 0.010000000000000005, 0.035, 0.010000000000000005, 0.010000000000000005, 0.17]",grasping,25778,630004793,-0.054647625399487865,2.5468844807056996,-2.7089544696938788,-0.4469776552421831,-0.07956032743588315,-0.025388601033600633
"[-0.015, 0.010000000000000005, 0.035, 0.010000000000000005, 0.010000000000000005, 0.17]",grasping,25778,634004793,-0.05211093871028449,2.5675277668031953,-2.734974927671061,-0.4504945903192899,-0.07974880155736896,-0.02552600194803739
"[-0.015, 0.010000000000000005, 0.035, 0.010000000000000005, 0.010000000000000005, 0.17]",grasping,25778,638004793,-0.05114116929287871,2.5734688403823895,-2.766724144403142,-1.8806125983143922,-0.08072505091468574,-0.03165738349047392
"[-0.015, 0.010000000000000005, 0.035, 0.010000000000000005, 0.010000000000000005, 0.17]",grasping,25778,643004793,-0.048626148373665856,2.594105789484569,-2.7927903905854095,-1.8841268288960307,-0.08091579630875179,-0.031794750816241335
"[-0.015, 0.010000000000000005, 0.035, 0.010000000000000005, 0.010000000000000005, 0.17]",grasping,25778,646004793,-0.044559181129840475,2.629440659484807,-2.8131587800932465,-0.4610381450004946,-0.08032046403970228,-0.025938221194982014
"[-0.015, 0.010000000000000005, 0.035, 0.010000000000000005, 0.010000000000000005, 0.17]",grasping,25778,650004793,-0.04206031521076348,2.650072615072272,-2.839261402240922,-0.46455023540659446,-0.08051296889167459,-0.02607560056559971
"[-0.015, 0.010000000000000005, 0.035, 0.010000000000000005, 0.010000000000000005, 0.17]",grasping,25778,654004793,-0.039570292387329786,2.6707017251084153,-2.8653848484042186,-0.46806110856008265,-0.08070640605772772,-0.026212955992229947
"[-0.015, 0.010000000000000005, 0.035, 0.010000000000000005, 0.010000000000000005, 0.17]",grasping,25778,658004793,-0.038656061966631405,2.6766251657096767,-2.89726292315315,-1.8981715935046877,-0.08168829261000787,-0.03234402370393058
"[-0.015, 0.010000000000000005, 0.035, 0.010000000000000005, 0.010000000000000005, 0.17]",grasping,25778,662004793,-0.036185266607160926,2.6972478851310875,-2.9234332477201406,-1.901679738487253,-0.08188370078610208,-0.03248127044206034
"[-0.015, 0.010000000000000005, 0.035, 0.010000000000000005, 0.010000000000000005, 0.17]",grasping,25778,666004793,-0.03215203746929518,2.732571947287102,-2.9438805644656583,-0.47858641445367067,-0.08129215960156744,-0.026624843239982265
"[-0.015, 0.010000000000000005, 0.035, 0.010000000000000005, 0.010000000000000005, 0.17]",grasping,25778,670004793,-0.029696269477000214,2.753189642714073,-2.9700876683924093,-0.4820924101582936,-0.08148919000372512,-0.026762071345075245
"[-0.015, 0.010000000000000005, 0.035, 0.010000000000000005, 0.010000000000000005, 0.17]",grasping,25778,674004793,-0.028823604668965608,2.759098898996932,-3.0020698516775894,-1.9121968537109608,-0.08247523549836455,-0.03289279963353536
"[-0.015, 0.010000000000000005, 0.035, 0.010000000000000005, 0.010000000000000005, 0.17]",grasping,25778,678004793,-0.0248098647968531,2.794416452205624,-3.0225647080312257,-0.4891007411029021,-0.08188587862718777,-0.027036416945037
"[-0.015, 0.010000000000000005, 0.035, 0.010000000000000005, 0.010000000000000005, 0.17]",grasping,25778,682004793,-0.023957613871077754,2.800318600577988,-3.054598953858715,-1.919202163368585,-0.08287395954150845,-0.033166963730564936
"[-0.015, 0.010000000000000005, 0.035, 0.010000000000000005, 0.010000000000000005, 0.17]",grasping,25778,686004793,-0.019956723245456054,2.835631807680837,-3.0751254848111813,-0.49610419187038196,-0.08228604238154924,-0.027310608630739253
"[-0.015, 0.010000000000000005, 0.035, 0.010000000000000005, 0.010000000000000005, 0.17]",grasping,25778,690004793,-0.017524633497500552,2.856235423172354,-3.1014639044587398,-0.499603326356053,-0.08248479914296991,-0.027449631032841593
"[-0.015, 0.010000000000000005, 0.035, 0.010000000000000005, 0.010000000000000005, 0.17]",grasping,25778,694004793,-0.015097831554209407,2.8768359744658625,-3.127831188306004,-0.503101109332331,-0.08268405069035634,-0.027588806137886446
"[-0.015, 0.010000000000000005, 0.035, 0.010000000000000005, 0.010000000000000005, 0.17]",grasping,25778,698004793,-0.012677496887257611,2.8974337153945307,-3.1542213853591647,-0.5065976110962525,-0.08288387876908843,-0.02772787227329626
"[-0.015, 0.010000000000000005, 0.035, 0.010000000000000005, 0.010000000000000005, 0.17]",grasping,25778,702004793,-0.010264713291865846,2.918028607171749,-3.18063320113356,-0.5100928734445369,-0.0830844631685761,-0.02786686980695119
"[-0.015, 0.010000000000000005, 0.035, 0.010000000000000005, 0.010000000000000005, 0.17]",grasping,25778,706004793,-0.007859806151113702,2.9386206355716524,-3.2070662118429283,-0.5135869087293559,-0.08328585776758624,-0.028005813033185945
"[-0.015, 0.010000000000000005, 0.035, 0.010000000000000005, 0.010000000000000005, 0.17]",grasping,25778,710004793,-0.005462892367409822,2.959209794190482,-3.2335202617999528,-0.5170797209632664,-0.08348808101301797,-0.02814470769024935
"[-0.015, 0.010000000000000005, 0.035, 0.010000000000000005, 0.010000000000000005, 0.17]",grasping,25778,714004793,-0.0030800027646975536,2.979795887753749,-3.2599768394181154,-0.5205718308031704,-0.08369144862991129,-0.028282032906096988
"[-0.015, 0.010000000000000005, 0.035, 0.010000000000000005, 0.010000000000000005, 0.17]",grasping,25778,718004793,-0.0007888843188261774,3.0003764017369896,-3.286307784950452,-0.5240663599181961,-0.08390827669739753,-0.028409399510357702
"[-0.015, 0.010000000000000005, 0.035, 0.010000000000000005, 0.010000000000000005, 0.17]",grasping,25778,722004793,0.0014820237886121745,3.0209541445460957,-3.312635257798945,-0.5275600531604827,-0.08412777570530983,-0.028537087919441873
"[-0.015, 0.010000000000000005, 0.035, 0.010000000000000005, 0.010000000000000005, 0.17]",grasping,25778,726004793,0.003738117641833405,3.0415288801380136,-3.338976160147638,-0.5310527692295709,-0.08434919205983105,-0.02866499436535286
"[-0.015, 0.010000000000000005, 0.035, 0.010000000000000005, 0.010000000000000005, 0.17]",grasping,25778,730004793,0.005983511117718443,3.0621007172493506,-3.365335163313688,-0.5345443475046656,-0.0845718421988586,-0.0287929667818429
"[-0.015, 0.010000000000000005, 0.035, 0.010000000000000005, 0.010000000000000005, 0.17]",grasping,25778,734004793,0.008219545946483109,3.0826696816949983,-3.391713737690182,-0.5380347420740204,-0.08479551234974514,-0.02892095419287688
"[-0.015, 0.010000000000000005, 0.035, 0.010000000000000005, 0.010000000000000005, 0.17]",grasping,25778,738004793,0.010446778130665635,3.1032357778856188,-3.418112384003635,-0.541523938081559,-0.0850201201277323,-0.029048935777238438
"[-0.015, 0.010000000000000005, 0.035, 0.010000000000000005, 0.010000000000000005, 0.17]",grasping,25778,743004793,0.010990700512426343,3.1090790730583393,-3.4502787574851084,-1.9716090739591179,-0.08604816440867147,-0.03516365194062199
"[-0.015, 0.010000000000000005, 0.035, 0.010000000000000005, 0.010000000000000005, 0.17]",grasping,25778,746004793,0.014875897086263024,3.144359359214935,-3.4709705977437153,-0.5484987154140846,-0.08547200500918184,-0.029304843836298833
"[-0.015, 0.010000000000000005, 0.035, 0.010000000000000005, 0.010000000000000005, 0.17]",grasping,25778,750004793,0.01707810312452729,3.164916839168658,-3.4974303212997313,-0.5519842930297997,-0.08569924156632114,-0.029432759700487254
"[-0.015, 0.010000000000000005, 0.035, 0.010000000000000005, 0.010000000000000005, 0.17]",grasping,25778,755004793,0.017591858933499793,3.1707494182314306,-3.529672685688098,-1.9820649513662114,-0.08673030264996007,-0.035547225045725606
"[-0.015, 0.010000000000000005, 0.035, 0.010000000000000005, 0.010000000000000005, 0.17]",grasping,25778,758004793,0.02142453271217093,3.2060226135343477,-3.550430271120476,-0.5589507441896936,-0.08616031223302023,-0.02968922775202615
"[-0.015, 0.010000000000000005, 0.035, 0.010000000000000005, 0.010000000000000005, 0.17]",grasping,25778,762004793,0.02356181132283286,3.226570978589006,-3.5769834078333247,-0.5624313893643673,-0.08639498223103226,-0.029818321395081948
"[-0.015, 0.010000000000000005, 0.035, 0.010000000000000005, 0.010000000000000005, 0.17]",grasping,25778,766004793,0.025693796801588675,3.247116472645203,-3.6035593854172276,-0.5659107423417108,-0.08663007085058361,-0.029947274256613032
"[-0.015, 0.010000000000000005, 0.035, 0.010000000000000005, 0.010000000000000005, 0.17]",grasping,25778,770004793,0.027819037049369832,3.267659071241063,-3.63015666452263,-0.5693888579529068,-0.08686581782786051,-0.030076142755731894
"[-0.015, 0.010000000000000005, 0.035, 0.010000000000000005, 0.010000000000000005, 0.17]",grasping,25778,774004793,0.029937093822651306,3.2881987700892665,-3.6567747268431248,-0.5728657541582677,-0.08710229365469213,-0.030204946776652586
"[-0.015, 0.010000000000000005, 0.035, 0.010000000000000005, 0.010000000000000005, 0.17]",grasping,25778,778004793,0.03204779642917721,3.308735570202323,-3.6834133861655403,-0.5763414375080638,-0.08733952407622647,-0.03033369484864662
"[-0.015, 0.010000000000000005, 0.035, 0.010000000000000005, 0.010000000000000005, 0.17]",grasping,25778,782004793,0.03415106303425386,3.329269473192994,-3.7100725552936495,-0.5798159110010707,-0.08757752051222034,-0.03046239140264012
"[-0.015, 0.010000000000000005, 0.035, 0.010000000000000005, 0.010000000000000005, 0.17]",grasping,25778,786004793,0.03624684725641458,3.349800480189163,-3.7367521795113987,-0.5832891764401855,-0.08781628928871599,-0.03059103904581173
"[-0.015, 0.010000000000000005, 0.035, 0.010000000000000005, 0.010000000000000005, 0.17]",grasping,25778,790004793,0.038335120673981926,3.3703285918699635,-3.763452219664231,-0.586761234997883,-0.08805583407464856,-0.030719639453569425
"[-0.015, 0.010000000000000005, 0.035, 0.010000000000000005, 0.010000000000000005, 0.17]",grasping,25778,794004793,0.04041586420471166,3.390853808419511,-3.7901726414441868,-0.5902320876410562,-0.08829615762449605,-0.030848193701900006
"[-0.015, 0.010000000000000005, 0.035, 0.010000000000000005, 0.010000000000000005, 0.17]",grasping,25778,798004793,0.04257821249532068,3.411375988733351,-3.816875233706355,-0.5937039855914108,-0.08852687006629145,-0.030974827392634963
"[-0.015, 0.010000000000000005, 0.035, 0.010000000000000005, 0.010000000000000005, 0.17]",grasping,25778,802004793,0.044818001795627005,3.417170349228943,-3.848274136469243,-2.023816532065359,-0.0893485246999367,-0.03703682348185533
"[-0.015, 0.010000000000000005, 0.035, 0.010000000000000005, 0.010000000000000005, 0.17]",grasping,25778,806004793,0.04987904675763577,3.4524203224556125,-3.868277383790499,-0.6007288396036617,-0.08863024788223173,-0.031143054107119927
"[-0.015, 0.010000000000000005, 0.035, 0.010000000000000005, 0.010000000000000005, 0.17]",grasping,25778,810004793,0.05343290512017962,3.4729376490682533,-3.8938128827594767,-0.6042434598412316,-0.08869525947796086,-0.03122808081222833
"[-0.015, 0.010000000000000005, 0.035, 0.010000000000000005, 0.010000000000000005, 0.17]",grasping,25778,814004793,0.056939408605252595,3.4934523718125234,-3.919444247934962,-0.6077523911549682,-0.08876499324461873,-0.03131381290942575
"[-0.015, 0.010000000000000005, 0.035, 0.010000000000000005, 0.010000000000000005, 0.17]",grasping,25778,818004793,0.060382173995658484,3.5139591561675196,-3.946178727965332,-0.6112293470315144,-0.08883791027563392,-0.03140293498732777
"[-0.015, 0.010000000000000005, 0.035, 0.010000000000000005, 0.010000000000000005, 0.17]",grasping,25778,822004793,0.06403281301428176,3.534463443966512,-3.9731941663634984,-0.6147019255911839,-0.08888154190243391,-0.03148717578891563
"[-0.015, 0.010000000000000005, 0.035, 0.010000000000000005, 0.010000000000000005, 0.17]",grasping,25778,826004793,0.06776158759084172,3.5549645391886564,-4.000284217781939,-0.6181716200123594,-0.08891230821006013,-0.031565911913382316
"[-0.015, 0.010000000000000005, 0.035, 0.010000000000000005, 0.010000000000000005, 0.17]",grasping,25778,830004793,0.06999757515386928,3.5607344483453005,-4.033212997728384,-2.048235984684249,-0.08972440225891809,-0.037605426969595956
"[-0.015, 0.010000000000000005, 0.035, 0.010000000000000005, 0.010000000000000005, 0.17]",grasping,25778,834004793,0.07350257750554867,3.581210021012353,-4.063210136111493,-2.051598932640819,-0.08978092098744384,-0.03768455565218498
"[-0.015, 0.010000000000000005, 0.035, 0.010000000000000005, 0.010000000000000005, 0.17]",grasping,25778,838004793,0.07786101175410032,3.601676513520271,-4.095416472344084,-2.0549274894635876,-0.08970001476870171,-0.03774522044430456
"[-0.015, 0.010000000000000005, 0.035, 0.010000000000000005, 0.010000000000000005, 0.17]",grasping,25778,842004793,0.08288930877515188,3.6221384216028625,-4.128475573395349,-2.0582321034766924,-0.08952028664149014,-0.037784962195963556
"[-0.015, 0.010000000000000005, 0.035, 0.010000000000000005, 0.010000000000000005, 0.17]",grasping,25778,846004793,0.08933645625834252,3.657335059006467,-4.154491204189597,-0.6349743818000865,-0.08857815422133697,-0.03185534151520458
"[-0.015, 0.010000000000000005, 0.035, 0.010000000000000005, 0.010000000000000005, 0.17]",grasping,25778,850004793,0.09403749895218994,3.6630388196876638,-4.195826979978989,-2.0648070980893976,-0.0890094150751577,-0.03782864516651485
"[-0.015, 0.010000000000000005, 0.035, 0.010000000000000005, 0.010000000000000005, 0.17]",grasping,25778,854004793,0.1008632222074688,3.698222977707772,-4.2222467893038385,-0.6415377354449158,-0.08801640288989088,-0.031887431177188785
"[-0.015, 0.010000000000000005, 0.035, 0.010000000000000005, 0.010000000000000005, 0.17]",grasping,25778,858004793,0.10690575077509479,3.718655476477636,-4.256423180119953,-0.6448105707577565,-0.08769853551890439,-0.03189520073018509
"[-0.015, 0.010000000000000005, 0.035, 0.010000000000000005, 0.010000000000000005, 0.17]",grasping,25778,862004793,0.11307726018869424,3.7390810932088847,-4.290742163621218,-0.6480789444044489,-0.08736365914410682,-0.03189910401644108
"[-0.015, 0.010000000000000005, 0.035, 0.010000000000000005, 0.010000000000000005, 0.17]",grasping,25778,866004793,0.11853706015757925,3.74475036818777,-4.332919805212384,-2.077886435471249,-0.08769270584984412,-0.037850631704220095
"[-0.015, 0.010000000000000005, 0.035, 0.010000000000000005, 0.010000000000000005, 0.17]",grasping,25778,870004793,0.124911688698087,3.7651634748361076,-4.367528780811227,-2.0811456101945542,-0.08733094745603642,-0.03784766274218376
"[-0.015, 0.010000000000000005, 0.035, 0.010000000000000005, 0.010000000000000005, 0.17]",grasping,25778,874004793,0.132125048993335,3.800324617674768,-4.394438317093744,-0.6578606230396125,-0.08628643237986244,-0.031894890827600386
"[-0.015, 0.010000000000000005, 0.035, 0.010000000000000005, 0.010000000000000005, 0.17]",grasping,25778,878004793,0.13857243228662686,3.820728323537171,-4.429160726148083,-0.661115250970639,-0.08591461229374087,-0.03188975967047325
"[-0.015, 0.010000000000000005, 0.035, 0.010000000000000005, 0.010000000000000005, 0.17]",grasping,25778,882004793,0.14504639783491502,3.841126869893337,-4.463932629354588,-0.6643676655212046,-0.08553904215766572,-0.03188369410861652
"[-0.015, 0.010000000000000005, 0.035, 0.010000000000000005, 0.010000000000000005, 0.17]",grasping,25778,886004793,0.15153936466248208,3.861520361803251,-4.498746709132561,-0.6676180349846664,-0.08516072553662668,-0.03187687628840674
"[-0.015, 0.010000000000000005, 0.035, 0.010000000000000005, 0.010000000000000005, 0.17]",grasping,25778,890004793,0.15804544703924872,3.881908887441668,-4.533597386618013,-0.6708664872678128,-0.0847804353173941,-0.03186944944747844
"[-0.015, 0.010000000000000005, 0.035, 0.010000000000000005, 0.010000000000000005, 0.17]",grasping,25778,894004793,0.16456002367419842,3.9022925192294373,-4.568480318593515,-0.6741131220267093,-0.08439877582537825,-0.03186152780317569
"[-0.015, 0.010000000000000005, 0.035, 0.010000000000000005, 0.010000000000000005, 0.17]",grasping,25778,898004793,0.17434005292009935,3.9328589167130907,-4.62085792733177,-0.678979833618441,-0.08382473195961004,-0.031848912902410265
"[-0.015, 0.010000000000000005, 0.035, 0.010000000000000005, 0.010000000000000005, 0.17]",grasping,25778,902004793,0.1776008385298109,3.9430453257177227,-4.638330008754664,-0.6806012369745322,-0.0836331520383391,-0.03184454831906952
"[-0.015, 0.010000000000000005, 0.035, 0.010000000000000005, 0.010000000000000005, 0.17]",grasping,25778,906004793,0.18412191300066105,3.9634145865062997,-4.67329193350588,-0.6838428290515025,-0.08324986055252948,-0.031835622640074834
"[-0.015, 0.010000000000000005, 0.035, 0.010000000000000005, 0.010000000000000005, 0.17]",grasping,25778,910004793,0.19064086636858768,3.983779129361757,-4.708276173392022,-0.6870828334390423,-0.08286658351536813,-0.031826472989880505
"[-0.015, 0.010000000000000005, 0.035, 0.010000000000000005, 0.010000000000000005, 0.17]",grasping,25778,914004793,0.19715626968163225,4.004138979041617,-4.743281383698644,-0.6903212815442189,-0.08248350695504414,-0.031817136994577444
"[-0.015, 0.010000000000000005, 0.035, 0.010000000000000005, 0.010000000000000005, 0.17]",grasping,25778,918004793,0.20366699351162243,4.024494155479616,-4.778306496700878,-0.6935581983829012,-0.08210077796591653,-0.031807644538683955
"[-0.015, 0.010000000000000005, 0.035, 0.010000000000000005, 0.010000000000000005, 0.17]",grasping,25778,922004793,0.2101721435214552,4.04484467457009,-4.813350662987148,-0.6967936039861232,-0.08171851317186596,-0.03179801957493855
"[-0.015, 0.010000000000000005, 0.035, 0.010000000000000005, 0.010000000000000005, 0.17]",grasping,25778,926004793,0.21667101409707712,4.0651905491255285,-4.848413205908642,-0.7000275143041049,-0.08133680450816705,-0.031788281092580584
"[-0.015, 0.010000000000000005, 0.035, 0.010000000000000005, 0.010000000000000005, 0.17]",grasping,25778,930004793,0.22238748637261807,4.070761933921386,-4.891356680794146,-2.1297956418915795,-0.08162837435723591,-0.03772461898461288
"[-0.015, 0.010000000000000005, 0.035, 0.010000000000000005, 0.010000000000000005, 0.17]",grasping,25778,934004793,0.22964780419266262,4.105868403683001,-4.918591374146871,-0.7064908977792778,-0.0805753314015275,-0.031768521066137034
"[-0.015, 0.010000000000000005, 0.035, 0.010000000000000005, 0.010000000000000005, 0.17]",grasping,25778,938004793,0.23611579990629838,4.126200178892745,-4.953709608941423,-0.7097201118673446,-0.08019677376046774,-0.03175861030184196
"[-0.015, 0.010000000000000005, 0.035, 0.010000000000000005, 0.010000000000000005, 0.17]",grasping,25778,942004793,0.24253240408654086,4.146526917013411,-4.988870932044577,-0.7129466658649243,-0.07982422612033013,-0.031750042007960944
"[-0.015, 0.010000000000000005, 0.035, 0.010000000000000005, 0.010000000000000005, 0.17]",grasping,25778,946004793,5.420612420889716,2.912874785023174,-9.123331081567002,-0.673529745822645,0.41933212930217867,0.08967631334806159
"[-0.015, 0.010000000000000005, 0.035, 0.010000000000000005, 0.010000000000000005, 0.17]",grasping,25778,950004793,15.982909839607595,0.8623472925438804,-36.56080794419225,0.11545585311146388,1.875419339085346,0.1432281345377664
"[-0.015, 0.010000000000000005, 0.035, 0.010000000000000005, 0.010000000000000005, 0.17]",grasping,25778,954004793,-6.93743121823662,4.666805112854497,-96.20556713333465,1.713621666850879,-0.17650191520229452,-0.7729615432105197
"[-0.015, 0.010000000000000005, 0.035, 0.010000000000000005, 0.010000000000000005, 0.17]",grasping,25778,958004793,-4.831068828805423,1.1257232396617773,-108.44966936590143,1.5127875208457011,-0.1580826847283191,0.22960681473703748
"[-0.015, 0.010000000000000005, 0.035, 0.010000000000000005, 0.010000000000000005, 0.17]",grasping,25778,962004793,8.804444022705185,-16.672306658924686,-126.23546057049673,0.007690769556040131,0.43192408946565525,2.064849648070921
"[-0.015, 0.010000000000000005, 0.035, 0.010000000000000005, 0.010000000000000005, 0.17]",grasping,25778,966004793,3.1907280182861975,-7.920256643267969,-119.23751422753824,-0.11049450081234721,0.18005009671021627,1.579638223487131
"[-0.015, 0.010000000000000005, 0.035, 0.010000000000000005, 0.010000000000000005, 0.17]",grasping,25778,970004793,-5.424589457221746,0.7835671704127556,-108.39271187697486,0.19519099954945596,-0.2937874716049851,-1.304331852539263
"[-0.015, 0.010000000000000005, 0.035, 0.010000000000000005, 0.010000000000000005, 0.17]",grasping,25778,974004793,15.54352294007638,-22.992375282753702,-135.6893032470404,1.1162098466347181,0.7232273416169942,3.5850167946700244
"[-0.015, 0.010000000000000005, 0.035, 0.010000000000000005, 0.010000000000000005, 0.17]",grasping,25778,978004793,4.901377035664947,-12.203643020369402,-121.96590449111008,1.4563844143124751,0.20942612659598026,1.1658109701944863
"[-0.015, 0.010000000000000005, 0.035, 0.010000000000000005, 0.010000000000000005, 0.17]",grasping,25778,982004793,-20.85767205312427,19.89718011370493,-88.32051412111866,0.3634090450068927,-0.9359904388653459,-3.744502391461708
"[-0.015, 0.010000000000000005, 0.035, 0.010000000000000005, 0.010000000000000005, 0.17]",grasping,25778,986004793,-22.455104934992008,20.947303829051382,-86.25359434217647,1.8944529498075318,-1.0031767816278023,-4.337321460221528
"[-0.015, 0.010000000000000005, 0.035, 0.010000000000000005, 0.010000000000000005, 0.17]",grasping,25778,990004793,8.09230529567516,-12.564327870345988,-126.62267934972837,0.9668143474752026,0.5379743488464155,3.738000222116537
"[-0.015, 0.010000000000000005, 0.035, 0.010000000000000005, 0.010000000000000005, 0.17]",grasping,25778,994004793,8.61486439484858,-20.081580452380106,-128.11523770004263,1.6190867986193964,0.3754988438496749,0.0683001781206648
"[-0.015, 0.010000000000000005, 0.035, 0.010000000000000005, 0.010000000000000005, 0.17]",grasping,25778,998004793,-9.047383470132218,2.9986605040042384,-104.6524317812783,1.7692185308691948,-0.3971698722733007,-2.6428125141000667
"[-0.015, 0.010000000000000005, 0.035, 0.010000000000000005, 0.010000000000000005, 0.17]",grasping,25779,2004793,-26.53179470489995,27.24290838011672,-80.93401967442408,0.45129387536602383,-1.184897860592751,-5.57845252896115
"[-0.015, 0.010000000000000005, 0.035, 0.010000000000000005, 0.010000000000000005, 0.17]",grasping,25779,6004793,8.469244464878752,-14.558556854677793,-128.5829129481976,0.9011485563627717,0.6335935457649199,3.86158822525599
"[-0.015, 0.010000000000000005, 0.035, 0.010000000000000005, 0.010000000000000005, 0.17]",grasping,25779,10004793,-27.36272260027735,29.727511133985992,-79.38851854965762,1.8009559314312755,-1.170989262569522,-5.429424713822958
"[-0.015, 0.010000000000000005, 0.035, 0.010000000000000005, 0.010000000000000005, 0.17]",grasping,25779,14004793,7.921382981553252,-17.456735186455507,-128.66043258334446,1.1370504000269261,0.6349935695512663,2.8287450427580136
"[-0.015, 0.010000000000000005, 0.035, 0.010000000000000005, 0.010000000000000005, 0.17]",grasping,25779,19004793,-11.853235401927652,9.847378184852131,-100.91619835437717,-0.046557686451901135,-0.24750591826310364,-0.7802813004776248
"[-0.015, 0.010000000000000005, 0.035, 0.010000000000000005, 0.010000000000000005, 0.17]",grasping,25779,22004793,-28.90147667483634,38.97487099835898,-75.97497631415618,1.2315585253626182,-1.03348983707574,-3.0098010224959673
"[-0.015, 0.010000000000000005, 0.035, 0.010000000000000005, 0.010000000000000005, 0.17]",grasping,25779,26004793,5.548154703527258,-17.561540915559572,-127.1762121024655,1.2431823019112433,0.6007412386880746,1.9332969261908637
"[-0.015, 0.010000000000000005, 0.035, 0.010000000000000005, 0.010000000000000005, 0.17]",grasping,25779,30004793,3.829405511113489,-20.449583627518873,-125.46532252069258,1.6873823334217624,0.4895736341546833,-0.22270939922266075
"[-0.015, 0.010000000000000005, 0.035, 0.010000000000000005, 0.010000000000000005, 0.17]",grasping,25779,34004793,-13.80670974188132,14.714282366480475,-98.33053279933073,1.1693235685694787,-0.21620115904201598,-0.6239548791349642
"[-0.015, 0.010000000000000005, 0.035, 0.010000000000000005, 0.010000000000000005, 0.17]",grasping,25779,38004793,-14.384978518898476,10.747953231523969,-98.5617336852252,1.603333724930427,-0.396110478859771,-3.50508757010266
"[-0.015, 0.010000000000000005, 0.035, 0.010000000000000005, 0.010000000000000005, 0.17]",grasping,25779,42004793,-11.658036732336527,16.38133479861772,-101.87478837901287,0.7182130997741697,-0.15463715467419104,-0.06891435816310065
"[-0.015, 0.010000000000000005, 0.035, 0.010000000000000005, 0.010000000000000005, 0.17]",grasping,25779,46004793,-15.773941439768619,8.211006515464215,-97.85959706853347,2.002417018135357,-0.6026989933523847,-6.499223144723077
"[-0.015, 0.010000000000000005, 0.035, 0.010000000000000005, 0.010000000000000005, 0.17]",grasping,25779,50004793,-12.069323564169704,18.13342085430045,-101.18809156071926,0.6214998882261435,-0.12817176562848354,-0.018973565363726463
"[-0.015, 0.010000000000000005, 0.035, 0.010000000000000005, 0.010000000000000005, 0.17]",grasping,25779,54004793,-28.519419325759017,47.55070339279506,-73.8072862697005,0.7977309958635089,-0.9830875833036088,-3.572995616719856
"[-0.015, 0.010000000000000005, 0.035, 0.010000000000000005, 0.010000000000000005, 0.17]",grasping,25779,58004793,-13.16645183106761,11.17975648064854,-101.05241369311466,1.3640194453467351,-0.3425794078172676,-3.9198335567524083
"[-0.015, 0.010000000000000005, 0.035, 0.010000000000000005, 0.010000000000000005, 0.17]",grasping,25779,62004793,-10.770214474199648,15.961388251198747,-102.86995444218475,0.6377768541044153,-0.015500411033377959,-0.11684912178270151
"[-0.015, 0.010000000000000005, 0.035, 0.010000000000000005, 0.010000000000000005, 0.17]",grasping,25779,66004793,10.879439867549971,-14.323684627921583,-138.80371711361306,-1.8623742814470583,1.2460213663393178,7.1526791328635495
"[-0.015, 0.010000000000000005, 0.035, 0.010000000000000005, 0.010000000000000005, 0.17]",grasping,25779,70004793,-26.51843992577757,42.72013057862898,-74.79290270964819,1.1394623983903571,-0.8243192111647406,-4.24808673815554
"[-0.015, 0.010000000000000005, 0.035, 0.010000000000000005, 0.010000000000000005, 0.17]",grasping,25779,74004793,-10.442544225471138,8.066960054810885,-103.82096462934031,1.2150200626560845,0.07075146771528901,-1.4270129622680403
"[-0.015, 0.010000000000000005, 0.035, 0.010000000000000005, 0.010000000000000005, 0.17]",grasping,25779,78004793,31.262683353451614,-57.503757807489464,-176.81158478541758,-0.6892694731930578,2.534853107298024,12.279543793738279
"[-0.015, 0.010000000000000005, 0.035, 0.010000000000000005, 0.010000000000000005, 0.17]",grasping,25779,82004793,-14.741022499727963,-4.684793792427591,-99.34983804211265,2.897409699479265,-0.3038923340354829,-8.07513156827471
"[-0.015, 0.010000000000000005, 0.035, 0.010000000000000005, 0.010000000000000005, 0.17]",grasping,25779,86004793,-10.444672882429513,6.801876896178291,-102.2461898383867,1.3487218391952926,0.31175595952732515,-0.3185951241745942
"[-0.015, 0.010000000000000005, 0.035, 0.010000000000000005, 0.010000000000000005, 0.17]",grasping,25779,90004793,-11.869302800937476,6.023332230446787,-100.8164951535608,1.586591013978327,0.21149864550766984,-1.5502482808508857
"[-0.015, 0.010000000000000005, 0.035, 0.010000000000000005, 0.010000000000000005, 0.17]",grasping,25779,94004793,3.6706145620433244,-44.41369972307476,-137.7655994050806,2.3666133035961883,0.7510108898334936,-3.8900634545952073
"[-0.015, 0.010000000000000005, 0.035, 0.010000000000000005, 0.010000000000000005, 0.17]",grasping,25779,98004793,-12.277990536627357,11.572022668930371,-99.33226851564973,1.1928008635593361,0.3136149484582222,-0.2777176555205078
"[-0.015, 0.010000000000000005, 0.035, 0.010000000000000005, 0.010000000000000005, 0.17]",grasping,25779,102004793,-21.202345741701706,-8.476515671049864,-93.65732942752393,3.959928535488701,-0.822777342241801,-14.428851530529032
"[-0.015, 0.010000000000000005, 0.035, 0.010000000000000005, 0.010000000000000005, 0.17]",grasping,25779,106004793,-29.0055048998692,65.30126460547025,-58.52426284195745,0.643133300437607,-0.4091526130120413,-0.5577477289011126
"[-0.015, 0.010000000000000005, 0.035, 0.010000000000000005, 0.010000000000000005, 0.17]",grasping,25779,110004793,30.530411458602714,-62.82161746728866,-190.75192454678995,-2.0998413264084164,3.042250266912412,16.17789658826031
"[-0.015, 0.010000000000000005, 0.035, 0.010000000000000005, 0.010000000000000005, 0.17]",grasping,25779,114004793,-7.373059534289525,24.183527283053657,-105.85618083392737,-0.697992001997762,0.7779147836948757,5.2727564534049725
"[-0.015, 0.010000000000000005, 0.035, 0.010000000000000005, 0.010000000000000005, 0.17]",grasping,25779,118004793,5.935779603434257,-28.125789269182068,-145.7172157422389,-0.1750390720985311,1.3881591802696458,4.298664941300949
"[-0.015, 0.010000000000000005, 0.035, 0.010000000000000005, 0.010000000000000005, 0.17]",grasping,25779,122004793,3.337052684016177,-25.48221774850727,-140.42002972084654,0.0738534960767646,1.4524404251508332,4.537314809921004
"[-0.015, 0.010000000000000005, 0.035, 0.010000000000000005, 0.010000000000000005, 0.17]",grasping,25779,126004793,-31.366611627279156,60.40837861003054,-53.01795246787304,1.9100691868346296,-0.8254647803760204,-7.341811036855613
"[-0.015, 0.010000000000000005, 0.035, 0.010000000000000005, 0.010000000000000005, 0.17]",grasping,25779,130004793,-14.62091832581228,8.869133113363393,-99.4662200436899,1.541606860184542,0.09153593727807596,-4.685509152660718
"[-0.015, 0.010000000000000005, 0.035, 0.010000000000000005, 0.010000000000000005, 0.17]",grasping,25779,134004793,-22.511799059597593,66.01003746887548,-62.863767524707114,0.2320348340098155,-0.16309636223819857,-0.6850653632446304
"[-0.015, 0.010000000000000005, 0.035, 0.010000000000000005, 0.010000000000000005, 0.17]",grasping,25779,138004793,28.465810088952445,-74.0735533741399,-204.59523953410422,-2.935082914354619,3.5859317546526026,19.040732679081014
"[-0.015, 0.010000000000000005, 0.035, 0.010000000000000005, 0.010000000000000005, 0.17]",grasping,25779,142004793,1.8691897309767906,-46.428727700281115,-150.87694534682794,0.7995693886739673,1.377422841703724,0.8153829307293108
"[-0.015, 0.010000000000000005, 0.035, 0.010000000000000005, 0.010000000000000005, 0.17]",grasping,25779,146004793,-11.929990581586303,11.395120044176,-100.21291936414255,1.0374217376244599,0.6795080523862393,-0.2390971202189328
"[-0.015, 0.010000000000000005, 0.035, 0.010000000000000005, 0.010000000000000005, 0.17]",grasping,25779,150004793,-17.15945172614962,0.16220677490919755,-97.40603223400942,2.523346774809881,0.04004406780607117,-7.26444380661772
"[-0.015, 0.010000000000000005, 0.035, 0.010000000000000005, 0.010000000000000005, 0.17]",grasping,25779,154004793,-12.886018390539395,8.173579697585279,-100.388039803975,1.3319931772495084,0.5306189037944474,-1.91259718928627
"[-0.015, 0.010000000000000005, 0.035, 0.010000000000000005, 0.010000000000000005, 0.17]",grasping,25779,158004793,0.7389699004661416,-47.94231644056407,-154.38654618552616,0.356736122446618,1.5562671228459792,2.477940872699456
"[-0.015, 0.010000000000000005, 0.035, 0.010000000000000005, 0.010000000000000005, 0.17]",grasping,25779,162004793,-20.21165468659737,72.82552432156247,-53.324549843931635,0.6656925638054563,-0.021049976021662475,-1.3379325566633224
"[-0.015, 0.010000000000000005, 0.035, 0.010000000000000005, 0.010000000000000005, 0.17]",grasping,25779,166004793,-12.526006267414871,13.831822034410923,-100.89359714165079,0.7680483842249838,0.5432972190004466,-1.3473134765792796
"[-0.015, 0.010000000000000005, 0.035, 0.010000000000000005, 0.010000000000000005, 0.17]",grasping,25779,170004793,-24.178809026053507,64.55133443173455,-51.30711767158664,1.8499945777584341,-0.6978602825196896,-8.374440003483429
"[-0.015, 0.010000000000000005, 0.035, 0.010000000000000005, 0.010000000000000005, 0.17]",grasping,25779,174004793,-14.105467531329918,15.67333000765835,-98.07039442753754,0.9528885278531561,0.400515371584514,-2.8017518891850157
"[-0.015, 0.010000000000000005, 0.035, 0.010000000000000005, 0.010000000000000005, 0.17]",grasping,25779,178004793,-11.09623183107945,19.217235183106666,-100.26114712394731,0.2992566795878624,0.7084696844187046,-0.0429827505271283
"[-0.015, 0.010000000000000005, 0.035, 0.010000000000000005, 0.010000000000000005, 0.17]",grasping,25779,182004793,-24.83500577072843,55.86274983196719,-52.96468900393075,2.5814006028638765,-1.0729873091281221,-12.810483471571633
"[-0.015, 0.010000000000000005, 0.035, 0.010000000000000005, 0.010000000000000005, 0.17]",grasping,25779,186004793,-4.0608133059806,-23.680078770553383,-141.91424728469013,-0.5973819269272312,1.6525137215832149,4.85794963230037
"[-0.015, 0.010000000000000005, 0.035, 0.010000000000000005, 0.010000000000000005, 0.17]",grasping,25779,190004793,1.6018022785099166,-12.31407706483397,-142.05687518983913,-3.31853510084078,2.4443347164865106,12.08469121695258
"[-0.015, 0.010000000000000005, 0.035, 0.010000000000000005, 0.010000000000000005, 0.17]",grasping,25779,194004793,3.227983586218029,-12.517889533453431,-145.58023606943846,-2.3288573959662022,2.609004281855003,13.605657152941887
"[-0.015, 0.010000000000000005, 0.035, 0.010000000000000005, 0.010000000000000005, 0.17]",grasping,25779,198004793,-13.467170207468563,20.019480778178945,-90.70992687549307,1.3037209908050167,0.4873239410120117,-2.791668760816944
"[-0.015, 0.010000000000000005, 0.035, 0.010000000000000005, 0.010000000000000005, 0.17]",grasping,25779,202004793,-9.8866437863494,20.695209208725228,-97.13534914780514,-0.9994231812687938,0.7577580256850406,-0.08459574717685331
"[-0.015, 0.010000000000000005, 0.035, 0.010000000000000005, 0.010000000000000005, 0.17]",grasping,25779,206004793,-9.628006802215934,19.763634294675743,-99.76112343171684,0.22131991217203772,0.7216744835043505,-0.17873316913643417
"[-0.015, 0.010000000000000005, 0.035, 0.010000000000000005, 0.010000000000000005, 0.17]",grasping,25779,210004793,-10.835811720030181,17.19477955918474,-101.78803663362675,0.27377041966551685,0.5252127688887798,-1.6936062993020173
"[-0.015, 0.010000000000000005, 0.035, 0.010000000000000005, 0.010000000000000005, 0.17]",grasping,25779,214004793,-24.30553746079356,-4.384246839787167,-97.18617836195207,3.144835308509986,-1.1214691043793246,-16.61283626419455
"[-0.015, 0.010000000000000005, 0.035, 0.010000000000000005, 0.010000000000000005, 0.17]",grasping,25779,219004793,-17.871583978099842,53.19168419711028,-54.15006248396454,1.2012812936102464,-0.8341466598048066,-11.82013913073286
"[-0.015, 0.010000000000000005, 0.035, 0.010000000000000005, 0.010000000000000005, 0.17]",grasping,25779,222004793,6.642301009516149,-49.19975925641876,-191.25186392093255,-4.517741366245949,3.838134793084727,21.698348591775467
"[-0.015, 0.010000000000000005, 0.035, 0.010000000000000005, 0.010000000000000005, 0.17]",grasping,25779,226004793,0.7806744537157879,-11.220387466275017,-145.27024008872377,-2.524507882059426,2.578493071711073,13.062430072960678
"[-0.015, 0.010000000000000005, 0.035, 0.010000000000000005, 0.010000000000000005, 0.17]",grasping,25779,230004793,-8.75279434676765,16.934237881663673,-100.7804067403975,0.3072997572412685,0.7648854031670482,-0.33778557723729663
"[-0.015, 0.010000000000000005, 0.035, 0.010000000000000005, 0.010000000000000005, 0.17]",grasping,25779,234004793,0.13339091985509555,-9.90255382762562,-141.99667720269304,-3.731623481333206,2.5100999115828957,12.535779612234892
"[-0.015, 0.010000000000000005, 0.035, 0.010000000000000005, 0.010000000000000005, 0.17]",grasping,25779,238004793,-8.705386461584876,16.50947663630908,-99.71965748540316,0.44975772571785977,0.7010561357177939,-0.7356277195001004
"[-0.015, 0.010000000000000005, 0.035, 0.010000000000000005, 0.010000000000000005, 0.17]",grasping,25779,242004793,-5.786321031876968,-15.385519626939779,-137.6770652811336,-1.1744421010385588,1.7451315444583557,6.4433305893568935
"[-0.015, 0.010000000000000005, 0.035, 0.010000000000000005, 0.010000000000000005, 0.17]",grasping,25779,246004793,-7.918436175071595,18.452490678986326,-98.80552219658529,0.3465619270421819,0.7101459650390654,-0.4472986313523039
"[-0.015, 0.010000000000000005, 0.035, 0.010000000000000005, 0.010000000000000005, 0.17]",grasping,25779,250004793,-7.972379743656066,49.666154738568565,-66.69564071760192,1.2833079832040202,-0.09307566507260978,-5.42452387177734
"[-0.015, 0.010000000000000005, 0.035, 0.010000000000000005, 0.010000000000000005, 0.17]",grasping,25779,254004793,-9.650084673634526,46.9978896283495,-65.85734451347554,1.6730999217687237,-0.34038567064805725,-7.35674044720808
"[-0.015, 0.010000000000000005, 0.035, 0.010000000000000005, 0.010000000000000005, 0.17]",grasping,25779,258004793,-7.82625079934146,20.860290507977915,-96.41807568598576,0.39475161712656986,0.5791958759378392,-1.1431720775316294
"[-0.015, 0.010000000000000005, 0.035, 0.010000000000000005, 0.010000000000000005, 0.17]",grasping,25779,262004793,-0.6658589211639834,-24.942873068628156,-163.31286651671786,-3.5516935497213735,2.9267995315859374,15.892669817106771
"[-0.015, 0.010000000000000005, 0.035, 0.010000000000000005, 0.010000000000000005, 0.17]",grasping,25779,266004793,-13.75556196346701,-14.614452736877762,-125.59512570673587,0.3060566858920711,0.5778742845328301,-2.16203292535869
"[-0.015, 0.010000000000000005, 0.035, 0.010000000000000005, 0.010000000000000005, 0.17]",grasping,25779,270004793,-2.365332869467923,25.155201898429162,-100.8591369388934,-0.6742819993463568,1.2190374546023302,4.013077070256964
"[-0.015, 0.010000000000000005, 0.035, 0.010000000000000005, 0.010000000000000005, 0.17]",grasping,25779,274004793,-4.336742347520312,21.54409297239801,-100.23726093332506,-0.22783600783030672,0.9677803930608232,2.0741815477693333
"[-0.015, 0.010000000000000005, 0.035, 0.010000000000000005, 0.010000000000000005, 0.17]",grasping,25779,278004793,-11.074439639128046,11.096038700229832,-98.96084008984599,1.0310525037706948,0.14020780156537177,-4.491917313657163
"[-0.015, 0.010000000000000005, 0.035, 0.010000000000000005, 0.010000000000000005, 0.17]",grasping,25779,282004793,-9.2139702768986,13.72450689011322,-98.12899419686613,0.8403188583591473,0.33488463481847375,-2.8660420726630624
"[-0.015, 0.010000000000000005, 0.035, 0.010000000000000005, 0.010000000000000005, 0.17]",grasping,25779,286004793,-3.773686717338339,19.79025652493515,-100.85364322294026,-0.17751371802836968,0.9900891769851281,2.3294287968592284
"[-0.015, 0.010000000000000005, 0.035, 0.010000000000000005, 0.010000000000000005, 0.17]",grasping,25779,290004793,-7.411611606123493,-7.114482598675391,-126.39670566169129,-0.7074918995660436,1.3418437778839698,4.370738276679189
"[-0.015, 0.010000000000000005, 0.035, 0.010000000000000005, 0.010000000000000005, 0.17]",grasping,25779,294004793,-7.635099214032167,15.264931627298566,-96.95166745944704,0.7821312657244028,0.42613072119059003,-1.9454310104931438
"[-0.015, 0.010000000000000005, 0.035, 0.010000000000000005, 0.010000000000000005, 0.17]",grasping,25779,298004793,-8.45200238949512,14.26992667912844,-96.97425080789132,0.8827042207479131,0.29451444214041195,-2.740258152518302
"[-0.015, 0.010000000000000005, 0.035, 0.010000000000000005, 0.010000000000000005, 0.17]",grasping,25779,302004793,-13.491782259686419,-12.246659793635327,-121.73021542404352,0.42955563325108814,0.49691694098328865,-1.7432335407037913
"[-0.015, 0.010000000000000005, 0.035, 0.010000000000000005, 0.010000000000000005, 0.17]",grasping,25779,306004793,-3.612794875815614,39.50100528068968,-75.6451740335099,1.0240925907095053,0.011275988081954402,-4.045634521544841
"[-0.015, 0.010000000000000005, 0.035, 0.010000000000000005, 0.010000000000000005, 0.17]",grasping,25779,310004793,-9.504570893978705,13.928300878080554,-97.18077360767545,0.897295361079133,0.07915915653430339,-3.9826103606740997
"[-0.015, 0.010000000000000005, 0.035, 0.010000000000000005, 0.010000000000000005, 0.17]",grasping,25779,314004793,-1.055681767397897,41.54789655560214,-79.75820697055504,-1.152209664407086,0.309803826229776,-1.4162818166939521
"[-0.015, 0.010000000000000005, 0.035, 0.010000000000000005, 0.010000000000000005, 0.17]",grasping,25779,318004793,-7.375684782999427,33.544029936584124,-78.25449889798354,1.3315753714683995,-0.46937610865219914,-7.151788761059964
"[-0.015, 0.010000000000000005, 0.035, 0.010000000000000005, 0.010000000000000005, 0.17]",grasping,25779,322004793,-7.893137543148358,-18.454525056160723,-147.33624369089506,-2.2536183078174012,1.972407918424898,9.733061667445536
"[-0.015, 0.010000000000000005, 0.035, 0.010000000000000005, 0.010000000000000005, 0.17]",grasping,25779,326004793,-8.205133057584474,14.283431265572752,-99.35424568871262,0.5533043355255988,0.22039743868678457,-2.691633246711782
"[-0.015, 0.010000000000000005, 0.035, 0.010000000000000005, 0.010000000000000005, 0.17]",grasping,25779,330004793,-7.321790862076575,-1.3842323885645484,-122.36966413026684,-0.8272259939373013,1.1563620693658354,3.9777001157620075
"[-0.015, 0.010000000000000005, 0.035, 0.010000000000000005, 0.010000000000000005, 0.17]",grasping,25779,334004793,-4.076233924532474,2.2247135198108197,-123.62594885113114,-1.3901038283960854,1.5477601445110953,6.975734805204838
"[-0.015, 0.010000000000000005, 0.035, 0.010000000000000005, 0.010000000000000005, 0.17]",grasping,25779,338004793,-4.497755023007663,1.5433801050448217,-124.25764333366334,-1.403278234060866,1.5001746746449405,6.758010197133387
"[-0.015, 0.010000000000000005, 0.035, 0.010000000000000005, 0.010000000000000005, 0.17]",grasping,25779,342004793,-6.343709586065567,14.34123796295353,-100.71836784331893,0.3197074495465869,0.3972625336700363,-1.0086016887947462
"[-0.015, 0.010000000000000005, 0.035, 0.010000000000000005, 0.010000000000000005, 0.17]",grasping,25779,346004793,-8.47434445360948,-1.3470043955312114,-118.67837201463789,-1.8156031371691115,0.8542699643814275,2.192051544386729
"[-0.015, 0.010000000000000005, 0.035, 0.010000000000000005, 0.010000000000000005, 0.17]",grasping,25779,350004793,-5.963023913672168,27.04151349324892,-82.1812407116954,-0.04020702803782211,-0.35231609069525016,-6.047060124741011
"[-0.015, 0.010000000000000005, 0.035, 0.010000000000000005, 0.010000000000000005, 0.17]",grasping,25779,354004793,-5.280140028788978,27.434669589149138,-84.06874365803704,-0.3245650340469237,-0.250049933072114,-5.065972016691593
"[-0.015, 0.010000000000000005, 0.035, 0.010000000000000005, 0.010000000000000005, 0.17]",grasping,25779,358004793,-6.354698216067232,2.8350906210211626,-118.69649027703032,-0.8349960425143362,1.0295623700005754,3.8685872729593562
"[-0.015, 0.010000000000000005, 0.035, 0.010000000000000005, 0.010000000000000005, 0.17]",grasping,25779,362004793,-10.08675563160105,10.126291885192769,-99.49627309737146,0.9076103691175678,-0.17405415432436777,-4.674854100676522
"[-0.015, 0.010000000000000005, 0.035, 0.010000000000000005, 0.010000000000000005, 0.17]",grasping,25779,366004793,-5.37742725184895,15.977553912535676,-99.67684903533609,0.24771056877091063,0.3452306083555267,-0.8286742853242133
"[-0.015, 0.010000000000000005, 0.035, 0.010000000000000005, 0.010000000000000005, 0.17]",grasping,25779,370004793,-5.897049651085594,24.36813814582999,-87.33609071630704,-0.44517725954776133,-0.28791719070122435,-5.0596139982355535
"[-0.015, 0.010000000000000005, 0.035, 0.010000000000000005, 0.010000000000000005, 0.17]",grasping,25779,374004793,-6.421144907885845,14.33732720301685,-102.0667670197528,0.11744588184319311,0.2619780460932333,-1.1560595770357707
"[-0.015, 0.010000000000000005, 0.035, 0.010000000000000005, 0.010000000000000005, 0.17]",grasping,25779,378004793,-5.740129922124055,6.572162929821872,-115.59230152522443,-0.8351197454943236,0.9048924686964107,3.3770226823485956
"[-0.015, 0.010000000000000005, 0.035, 0.010000000000000005, 0.010000000000000005, 0.17]",grasping,25779,382004793,-9.019323163758399,3.1951938219625227,-113.72044738418533,-0.23318132540458364,0.4602912670845096,0.20695183827413455
"[-0.015, 0.010000000000000005, 0.035, 0.010000000000000005, 0.010000000000000005, 0.17]",grasping,25779,386004793,-4.9733134702859285,8.094322112421668,-113.98622694843246,-0.8013941166832792,0.9125141792626866,3.482121846188501
"[-0.015, 0.010000000000000005, 0.035, 0.010000000000000005, 0.010000000000000005, 0.17]",grasping,25779,390004793,-6.378728137258478,-0.06689437596994807,-123.81752199109542,-1.2265049498461633,1.1808314180044526,5.349682967818831
"[-0.015, 0.010000000000000005, 0.035, 0.010000000000000005, 0.010000000000000005, 0.17]",grasping,25779,394004793,-4.464247002760139,21.333216059589315,-93.06854410056815,-0.9111909306042859,0.028899309823245956,-2.523250384595732
"[-0.015, 0.010000000000000005, 0.035, 0.010000000000000005, 0.010000000000000005, 0.17]",grasping,25779,398004793,-7.414864248158966,12.027117522164959,-101.341258324047,0.4206046115054619,0.06600217758801308,-2.2947718453541652
"[-0.015, 0.010000000000000005, 0.035, 0.010000000000000005, 0.010000000000000005, 0.17]",grasping,25779,402004793,-3.379044790380546,21.202540771927836,-95.63584870750839,0.1882438566755601,0.23268765380683387,-0.9791287129659545
"[-0.015, 0.010000000000000005, 0.035, 0.010000000000000005, 0.010000000000000005, 0.17]",grasping,25779,406004793,-5.029512253680691,18.892761899702652,-94.8712315966836,0.5277760128404722,0.01717723575261698,-2.4813997240362053
"[-0.015, 0.010000000000000005, 0.035, 0.010000000000000005, 0.010000000000000005, 0.17]",grasping,25779,410004793,-5.414880103841824,11.030810820499324,-107.01014683300028,-0.22848814314445265,0.5070371535986833,0.9493995064021816
"[-0.015, 0.010000000000000005, 0.035, 0.010000000000000005, 0.010000000000000005, 0.17]",grasping,25779,414004793,-5.354028612584536,14.467938169724851,-102.02592422473518,0.059867293777887645,0.2732723096076035,-0.6095288599245962
"[-0.015, 0.010000000000000005, 0.035, 0.010000000000000005, 0.010000000000000005, 0.17]",grasping,25779,418004793,-5.5188326194059485,12.340066255209408,-105.76439285364134,-0.19996843134937825,0.41034676300447476,0.4006307433588362
"[-0.015, 0.010000000000000005, 0.035, 0.010000000000000005, 0.010000000000000005, 0.17]",grasping,25779,422004793,-5.195093027135618,16.285572979102657,-100.27031940204806,0.10064397555520067,0.18719716835521794,-1.0990259661937014
"[-0.015, 0.010000000000000005, 0.035, 0.010000000000000005, 0.010000000000000005, 0.17]",grasping,25779,426004793,-5.546191191002702,14.708246573315876,-102.39485436769529,-0.007844025003968406,0.23859298148199892,-0.721208476889374
"[-0.015, 0.010000000000000005, 0.035, 0.010000000000000005, 0.010000000000000005, 0.17]",grasping,25779,430004793,-5.697216650474381,14.2230893585689,-103.05653526008801,-0.04179379791312397,0.24800962743542243,-0.6477129469161984
"[-0.015, 0.010000000000000005, 0.035, 0.010000000000000005, 0.010000000000000005, 0.17]",grasping,25779,434004793,-5.955456786883439,13.211011982819679,-103.93312570746292,-0.05030411452308285,0.2611909098819376,-0.5660592534876024
"[-0.015, 0.010000000000000005, 0.035, 0.010000000000000005, 0.010000000000000005, 0.17]",grasping,25779,438004793,-6.348792764722274,11.702926135351364,-104.62805370425392,-1.4161285105041408,0.2589187565522652,-0.623863817451474
"[-0.015, 0.010000000000000005, 0.035, 0.010000000000000005, 0.010000000000000005, 0.17]",grasping,25779,442004793,-6.476499817015447,10.919504357058253,-104.85100385739992,0.06028394680110187,0.26238844263484873,-0.6292694937889967
"[-0.015, 0.010000000000000005, 0.035, 0.010000000000000005, 0.010000000000000005, 0.17]",grasping,25779,446004793,-6.613036717192925,9.961794009949879,-105.01272598428325,0.13178299258125342,0.2643842884981592,-0.6535275763573118
"[-0.015, 0.010000000000000005, 0.035, 0.010000000000000005, 0.010000000000000005, 0.17]",grasping,25779,450004793,-6.703570391186878,9.191513808658364,-105.08899531414738,0.19510654898218777,0.2651942767135608,-0.6745516326026495
"[-0.015, 0.010000000000000005, 0.035, 0.010000000000000005, 0.010000000000000005, 0.17]",grasping,25779,454004793,-6.762943603924488,8.650707716459737,-105.13161364357329,0.24037919761865945,0.2642635734792683,-0.6911537148479363
"[-0.015, 0.010000000000000005, 0.035, 0.010000000000000005, 0.010000000000000005, 0.17]",grasping,25779,458004793,0.0,0.0,0.0,0.0,0.0,0.0
"[-0.015, 0.010000000000000005, 0.035, 0.010000000000000005, 0.010000000000000005, 0.17]",grasping,25779,462004793,-0.0212835279625741,-0.08317494776590273,-0.049017907127105076,0.0011877750263286635,-0.0034943245589760252,-0.003986319044904457
"[-0.015, 0.010000000000000005, 0.035, 0.010000000000000005, 0.010000000000000005, 0.17]",grasping,25779,466004793,-0.031201761705187958,-0.0019329590623407,-0.10891310629273931,-0.014259907030059527,-0.007204085604596122,-0.001838877267906186
"[-0.015, 0.010000000000000005, 0.035, 0.010000000000000005, 0.010000000000000005, 0.17]",grasping,25779,470004793,-0.033598253597800054,0.17667486220959105,-0.173720740436778,-0.03922423889472387,-0.010424011241186859,0.004882563810767904
"[-0.015, 0.010000000000000005, 0.035, 0.010000000000000005, 0.010000000000000005, 0.17]",grasping,25779,474004793,-0.03170843146934593,0.38580225267988766,-0.2348801741084685,-0.06636495695805539,-0.012669293173002028,0.01405184733734885
"[-0.015, 0.010000000000000005, 0.035, 0.010000000000000005, 0.010000000000000005, 0.17]",grasping,25779,478004793,-0.028114794666363185,0.5709711916788844,-0.2846257786664381,-0.08966195357252799,-0.013743827738076031,0.023511525673128447
"[-0.015, 0.010000000000000005, 0.035, 0.010000000000000005, 0.010000000000000005, 0.17]",grasping,25779,482004793,-0.02466637023920909,0.6972774628812228,-0.3180532189691547,-0.10531947725202856,-0.0137245683538737,0.031510570577143016
"[-0.015, 0.010000000000000005, 0.035, 0.010000000000000005, 0.010000000000000005, 0.17]",grasping,25779,486004793,0.008843858014478345,0.780502480776736,-0.3607663921969575,-0.11977714897545388,-0.0060155953571179865,0.060984752181588386
"[-0.015, 0.010000000000000005, 0.035, 0.010000000000000005, 0.010000000000000005, 0.17]",grasping,25779,490004793,-0.023272345539963546,0.7314476163529218,-0.35215933845023173,-0.11284107782343461,-0.00959786228192544,0.03797240644545721
"[-0.015, 0.010000000000000005, 0.035, 0.010000000000000005, 0.010000000000000005, 0.17]",grasping,25779,494004793,-0.024188898126196012,0.6699842151724553,-0.3349647458010665,-0.10451878937635223,-0.009025017747720132,0.03819289545155369
"[-0.015, 0.010000000000000005, 0.035, 0.010000000000000005, 0.010000000000000005, 0.17]",grasping,25779,498004793,-0.025657374387095866,0.5816674610118255,-0.3137156718225924,-0.09339506083061544,-0.00832133016989639,0.03679289267813232
"[-0.015, 0.010000000000000005, 0.035, 0.010000000000000005, 0.010000000000000005, 0.17]",grasping,25779,502004793,-0.027838774360403662,0.490594590666225,-0.2930613504965791,-0.08224379674933915,-0.007868518113359035,0.03409811621926673
"[-0.015, 0.010000000000000005, 0.035, 0.010000000000000005, 0.010000000000000005, 0.17]",grasping,25779,506004793,-0.049966915405756984,0.3759291018591817,-0.27326085250786747,-1.497250114330724,-0.009883294345439997,0.014902622357016393
"[-0.015, 0.010000000000000005, 0.035, 0.010000000000000005, 0.010000000000000005, 0.17]",grasping,25779,510004793,-0.03176859398165077,0.3704598881962795,-0.2665441911443125,-0.06785340218574704,-0.008042582590530922,0.028638475701381227
"[-0.015, 0.010000000000000005, 0.035, 0.010000000000000005, 0.010000000000000005, 0.17]",grasping,25779,514004793,-0.032734093531850805,0.3556499297944562,-0.2631310922854908,-0.06615949366124524,-0.008550842318142848,0.02711112727703255
"[-0.015, 0.010000000000000005, 0.035, 0.010000000000000005, 0.010000000000000005, 0.17]",grasping,25779,518004793,-0.052267259168447766,0.34791048853377227,-0.2664225852907336,-1.4940911653684699,-0.011386297455285299,0.011183704813491652
"[-0.015, 0.010000000000000005, 0.035, 0.010000000000000005, 0.010000000000000005, 0.17]",grasping,25779,522004793,-0.0324246422888772,0.3979457318112001,-0.2714873137042346,-0.07131543914287125,-0.009751207945645157,0.027159296975493213
"[-0.015, 0.010000000000000005, 0.035, 0.010000000000000005, 0.010000000000000005, 0.17]",grasping,25779,526004793,-0.03153664832953951,0.4359076757667335,-0.279191433336635,-0.07584511314166828,-0.010202821537674822,0.02828718920922907
"[-0.015, 0.010000000000000005, 0.035, 0.010000000000000005, 0.010000000000000005, 0.17]",grasping,25779,530004793,-0.030514803401865187,0.4720893175290488,-0.28654031709313443,-0.08012813559226176,-0.01046535758790862,0.029677869403822665
"[-0.015, 0.010000000000000005, 0.035, 0.010000000000000005, 0.010000000000000005, 0.17]",grasping,25779,534004793,-0.029596127294260255,0.4995755567894964,-0.29210817603871675,-0.08335273034236068,-0.010532739300540328,0.030991587366249712
"[-0.015, 0.010000000000000005, 0.035, 0.010000000000000005, 0.010000000000000005, 0.17]",grasping,25779,538004793,-0.02894121088785312,0.5148511752473262,-0.29517647718927975,-0.08511553394735502,-0.010438589464920656,0.03198247684948877
"[-0.015, 0.010000000000000005, 0.035, 0.010000000000000005, 0.010000000000000005, 0.17]",grasping,25779,542004793,-0.02861935839908214,0.5177103493233943,-0.29570973568254644,-0.08540630460418633,-0.010240440292809683,0.03252706462816443
"[-0.015, 0.010000000000000005, 0.035, 0.010000000000000005, 0.010000000000000005, 0.17]",grasping,25779,546004793,-0.04808685279456626,0.48150812715170765,-0.2933607163623364,-1.5098232561300349,-0.012010255575764517,0.017056460304844173
"[-0.015, 0.010000000000000005, 0.035, 0.010000000000000005, 0.010000000000000005, 0.17]",grasping,25779,550004793,-0.028855511704753922,0.49710647168822675,-0.29143702654064896,-0.08290855896347446,-0.009781933203708959,0.03235116621983167
"[-0.015, 0.010000000000000005, 0.035, 0.010000000000000005, 0.010000000000000005, 0.17]",grasping,25779,554004793,-0.04876273785972318,0.4518791211210438,-0.2872943622314068,-1.5063040784042185,-0.011654532485359581,0.016192149121741967
"[-0.015, 0.010000000000000005, 0.035, 0.010000000000000005, 0.010000000000000005, 0.17]",grasping,25779,558004793,-0.02963296584469849,0.46783809211449245,-0.2854755445956023,-0.07945993168867138,-0.009528641204074706,0.031294315989785715
"[-0.015, 0.010000000000000005, 0.035, 0.010000000000000005, 0.010000000000000005, 0.17]",grasping,25779,562004793,-0.049470808831611535,0.43027145581556603,-0.2829437331827691,-1.5037991996950222,-0.011585675666518913,0.015157900750449066
"[-0.015, 0.010000000000000005, 0.035, 0.010000000000000005, 0.010000000000000005, 0.17]",grasping,25779,566004793,-0.030195617966878807,0.45325636072545983,-0.28258025654162466,-0.0778003633809477,-0.009555659252468929,0.030431708575194033
"[-0.015, 0.010000000000000005, 0.035, 0.010000000000000005, 0.010000000000000005, 0.17]",grasping,25779,570004793,-0.030282756588757065,0.4533168724834553,-0.2826442808696896,-0.07784464444450914,-0.009631786103297402,0.03025736869564169
"[-0.015, 0.010000000000000005, 0.035, 0.010000000000000005, 0.010000000000000005, 0.17]",grasping,25779,574004793,-0.03019525522945965,0.45977076933463756,-0.2840365860217062,-0.07865543530216018,-0.009755132118656529,0.03031036051087821
"[-0.015, 0.010000000000000005, 0.035, 0.010000000000000005, 0.010000000000000005, 0.17]",grasping,25779,578004793,-0.030126286623979037,0.4627949461484757,-0.28467621518816344,-0.0790254240244399,-0.009788620168160289,0.030389269869312424
"[-0.015, 0.010000000000000005, 0.035, 0.010000000000000005, 0.010000000000000005, 0.17]",grasping,25779,582004793,-0.029962297422694906,0.4689263029503721,-0.2859670611473746,-0.07976951245038638,-0.009834814740101783,0.03059374285193442
"[-0.015, 0.010000000000000005, 0.035, 0.010000000000000005, 0.010000000000000005, 0.17]",grasping,25779,586004793,-0.029798489557371355,0.4740932179464714,-0.2870539657437057,-0.08039285849728395,-0.009849986880807238,0.030810834285697558
"[-0.015, 0.010000000000000005, 0.035, 0.010000000000000005, 0.010000000000000005, 0.17]",grasping,25779,590004793,-0.029667270583029814,0.47746885838373565,-0.28776949496741366,-0.08079973480375541,-0.009836592031035152,0.030992210405350218
"[-0.015, 0.010000000000000005, 0.035, 0.010000000000000005, 0.010000000000000005, 0.17]",grasping,25779,594004793,-0.02958674163312902,0.47878628721332994,-0.2880613681390116,-0.08096108618541026,-0.009802305725269134,0.031108244604960894
"[-0.015, 0.010000000000000005, 0.035, 0.010000000000000005, 0.010000000000000005, 0.17]",grasping,25779,598004793,-0.029560413004958264,0.4782599991989507,-0.28797578886590713,-0.08090462874044752,-0.009757226971025657,0.031149604102215733
"[-0.015, 0.010000000000000005, 0.035, 0.010000000000000005, 0.010000000000000005, 0.17]",grasping,25779,602004793,-0.029579950982901504,0.47642825473923445,-0.28762471782936316,-0.08069576372670315,-0.009711251921263986,0.03112433781245713
"[-0.015, 0.010000000000000005, 0.035, 0.010000000000000005, 0.010000000000000005, 0.17]",grasping,25779,606004793,-0.0296296781150604,0.47396701296791655,-0.28714754108729323,-0.08041536050672057,-0.009672112103183694,0.03105212460955198
"[-0.015, 0.010000000000000005, 0.035, 0.010000000000000005, 0.010000000000000005, 0.17]",grasping,25779,610004793,-0.04913734617621274,0.4449012590679704,-0.28634086515796753,-1.5057399141983294,-0.011705692333227158,0.015406920577075434
"[-0.015, 0.010000000000000005, 0.035, 0.010000000000000005, 0.010000000000000005, 0.17]",grasping,25779,614004793,-0.029749143921042054,0.46957546842918774,-0.28631036692650724,-0.07992589055954619,-0.009629002975073964,0.030863820311741563
"[-0.015, 0.010000000000000005, 0.035, 0.010000000000000005, 0.010000000000000005, 0.17]",grasping,25779,618004793,-0.029791050905331573,0.46840399524460885,-0.28610442603800124,-0.07980512717930907,-0.009624500146033166,0.030788613035037465
"[-0.015, 0.010000000000000005, 0.035, 0.010000000000000005, 0.010000000000000005, 0.17]",grasping,25779,623004793,-0.049243914006353307,0.4420131213649583,-0.2858510019711389,-1.50545135836459,-0.011695065033469731,0.015208248656283757
"[-0.015, 0.010000000000000005, 0.035, 0.010000000000000005, 0.010000000000000005, 0.17]",grasping,25779,626004793,-0.049238407056220235,0.4424954561461103,-0.2859839389393173,-1.5055262156945468,-0.011701277030346346,0.01519791908481799
"[-0.015, 0.010000000000000005, 0.035, 0.010000000000000005, 0.010000000000000005, 0.17]",grasping,25779,630004793,-0.0492174979352607,0.44336292219645657,-0.28619478550660915,-1.5056455764310994,-0.011706068065347353,0.015210688014301421
"[-0.015, 0.010000000000000005, 0.035, 0.010000000000000005, 0.010000000000000005, 0.17]",grasping,25779,634004793,-0.02976517722331601,0.4701716170104042,-0.2866012021075015,-0.08008346092105745,-0.009640840243589133,0.030756204936555426
"[-0.015, 0.010000000000000005, 0.035, 0.010000000000000005, 0.010000000000000005, 0.17]",grasping,25779,638004793,-0.0297343385708721,0.47107962630889766,-0.28681833309462945,-0.0802055037417014,-0.009638047199843902,0.030786570717612566
"[-0.015, 0.010000000000000005, 0.035, 0.010000000000000005, 0.010000000000000005, 0.17]",grasping,25779,642004793,-0.02970668583899766,0.4717459994887534,-0.2869850730216612,-0.08029804527870996,-0.00963031192530861,0.030814335897146827
"[-0.015, 0.010000000000000005, 0.035, 0.010000000000000005, 0.010000000000000005, 0.17]",grasping,25779,646004793,-0.029686241922922407,0.47208705420371366,-0.2870846561378215,-0.08035157885884242,-0.00961855147549745,0.030833240327491268
"[-0.015, 0.010000000000000005, 0.035, 0.010000000000000005, 0.010000000000000005, 0.17]",grasping,25779,650004793,-0.02967461205180505,0.4721050353538736,-0.28711793583360645,-0.08036677476731913,-0.009604283584194073,0.030840307299174363
"[-0.015, 0.010000000000000005, 0.035, 0.010000000000000005, 0.010000000000000005, 0.17]",grasping,25779,654004793,-0.029671230416903838,0.47186729900829505,-0.28709903670080905,-0.08035193256103354,-0.009589175628935798,0.030835670763860346
"[-0.015, 0.010000000000000005, 0.035, 0.010000000000000005, 0.010000000000000005, 0.17]",grasping,25779,658004793,-0.02967398962989104,0.4714771996467757,-0.28704934026021434,-0.08031948704042682,-0.009574670492985216,0.030821811238097352
"[-0.015, 0.010000000000000005, 0.035, 0.010000000000000005, 0.010000000000000005, 0.17]",grasping,25779,662004793,-0.02968003417948556,0.4710445611139189,-0.28699142114698617,-0.08028250193078929,-0.009561746697760776,0.03080249612725916
"[-0.015, 0.010000000000000005, 0.035, 0.010000000000000005, 0.010000000000000005, 0.17]",grasping,25779,666004793,-0.029686517776596866,0.4706618296202514,-0.28694417753983714,-0.0802518665241867,-0.009550829388086823,0.030781709237099553
"[-0.015, 0.010000000000000005, 0.035, 0.010000000000000005, 0.010000000000000005, 0.17]",grasping,25779,670004793,-0.02969117944600469,0.4703894073115986,-0.28691986241631184,-0.08023459836497901,-0.009541835312530333,0.030762790098276316
"[-0.015, 0.010000000000000005, 0.035, 0.010000000000000005, 0.010000000000000005, 0.17]",grasping,25779,674004793,-0.029692664318521966,0.47025097146728534,-0.28692316831428855,-0.08023333468279548,-0.009534310052639827,0.03074790799041624
"[-0.015, 0.010000000000000005, 0.035, 0.010000000000000005, 0.010000000000000005, 0.17]",grasping,25779,678004793,-0.049120847201691575,0.44417921582645725,-0.2867315163643198,-1.505913228211837,-0.011592363380492465,0.015209719273686612
"[-0.015, 0.010000000000000005, 0.035, 0.010000000000000005, 0.010000000000000005, 0.17]",grasping,25779,682004793,-0.029685367212234748,0.47031623518722654,-0.28699980553900417,-0.08027114932355103,-0.009521069931127779,0.03073240821250625
"[-0.015, 0.010000000000000005, 0.035, 0.010000000000000005, 0.010000000000000005, 0.17]",grasping,25779,686004793,-0.029677977891551188,0.4704441053121151,-0.2870574133268562,-0.08030106749261914,-0.009514158431837894,0.03073025077983707
"[-0.015, 0.010000000000000005, 0.035, 0.010000000000000005, 0.010000000000000005, 0.17]",grasping,25779,690004793,-0.02966959364572963,0.4705778421165121,-0.2871160355013558,-0.08033147193599838,-0.009506539716427898,0.030729842806460794
"[-0.015, 0.010000000000000005, 0.035, 0.010000000000000005, 0.010000000000000005, 0.17]",grasping,25779,694004793,-0.02966131527101562,0.4706833394952987,-0.2871687118714874,-0.08035835766532926,-0.009498102482462079,0.03072962083849079
"[-0.015, 0.010000000000000005, 0.035, 0.010000000000000005, 0.010000000000000005, 0.17]",grasping,25779,698004793,-0.03005228005374827,0.47069796745293857,-0.28718427089417276,-0.08065488560442169,-0.01001998900422263,0.030700578355803254
"[-0.015, 0.010000000000000005, 0.035, 0.010000000000000005, 0.010000000000000005, 0.17]",grasping,25779,702004793,-0.0292440839006593,0.47175965416074384,-0.2869699996289512,-0.08067731240200504,-0.0095884011112225,0.030376909020120052
"[-0.015, 0.010000000000000005, 0.035, 0.010000000000000005, 0.010000000000000005, 0.17]",grasping,25779,706004793,-0.02806820845208885,0.47318227591546247,-0.28736037840516815,-0.08114794849462015,-0.009538342150524903,0.03052773612307691
"[-0.015, 0.010000000000000005, 0.035, 0.010000000000000005, 0.010000000000000005, 0.17]",grasping,25779,710004793,-0.029800414874124825,0.4742704236471873,-0.28721685535263575,-0.08139090205241784,-0.009847322792624458,0.030599583798417124
"[-0.015, 0.010000000000000005, 0.035, 0.010000000000000005, 0.010000000000000005, 0.17]",grasping,25779,714004793,-0.0275487577293812,0.4740694061294217,-0.2873723631394185,-0.08156356706677381,-0.009502534843622845,0.030279734228575494
"[-0.015, 0.010000000000000005, 0.035, 0.010000000000000005, 0.010000000000000005, 0.17]",grasping,25779,718004793,-0.028006627523200878,0.47345287468663955,-0.28709287185316157,-0.08164894218696778,-0.009820069447620983,0.0303298527733801
"[-0.015, 0.010000000000000005, 0.035, 0.010000000000000005, 0.010000000000000005, 0.17]",grasping,25779,722004793,-0.047448550395630396,0.44627466375062674,-0.2865317949481394,-1.5074240373744139,-0.01191386954006124,0.01468432563500649
"[-0.015, 0.010000000000000005, 0.035, 0.010000000000000005, 0.010000000000000005, 0.17]",grasping,25779,726004793,-0.028078663463631415,0.4717259986318325,-0.2865046024580842,-0.08182985548268754,-0.010096004955649607,0.030194182596538666
"[-0.015, 0.010000000000000005, 0.035, 0.010000000000000005, 0.010000000000000005, 0.17]",grasping,25779,730004793,-0.028095650981022124,0.4711767709062844,-0.28633618305930497,-0.0819681578541839,-0.010111060144277484,0.03009465973458708
"[-0.015, 0.010000000000000005, 0.035, 0.010000000000000005, 0.010000000000000005, 0.17]",grasping,25779,734004793,-0.028074470680562735,0.4709884025310007,-0.2861412568522397,-0.08214287045493529,-0.010416154939533961,0.030086498375778398
"[-0.015, 0.010000000000000005, 0.035, 0.010000000000000005, 0.010000000000000005, 0.17]",grasping,25779,738004793,-0.02828853983970342,0.47111825651402306,-0.28585979572296694,-0.08238517452690836,-0.010633838085115754,0.03011948786138105
"[-0.015, 0.010000000000000005, 0.035, 0.010000000000000005, 0.010000000000000005, 0.17]",grasping,25779,742004793,-0.047278307958258325,0.44567141328317916,-0.28589141227315906,-1.5083425631657532,-0.012849967675520435,0.014495476462940998
"[-0.015, 0.010000000000000005, 0.035, 0.010000000000000005, 0.010000000000000005, 0.17]",grasping,25779,746004793,-0.027686818276635827,0.4721926874419786,-0.2861689069176734,-0.08287794728491993,-0.01091335854303599,0.030012554314573087
"[-0.015, 0.010000000000000005, 0.035, 0.010000000000000005, 0.010000000000000005, 0.17]",grasping,25779,750004793,-0.02757021533405596,0.4728124218410734,-0.28625320684751543,-0.08315450981284994,-0.010958328853778121,0.03000283111949406
"[-0.015, 0.010000000000000005, 0.035, 0.010000000000000005, 0.010000000000000005, 0.17]",grasping,25779,754004793,-0.027403422020512547,0.4733108984480605,-0.2863184607864824,-0.08340510752125854,-0.011227950634580486,0.02999875345307343
"[-0.015, 0.010000000000000005, 0.035, 0.010000000000000005, 0.010000000000000005, 0.17]",grasping,25779,758004793,-0.046669001045837155,0.44768013704467435,-0.286143655496673,-1.50936934074235,-0.013381548582279135,0.0144602719796591
"[-0.015, 0.010000000000000005, 0.035, 0.010000000000000005, 0.010000000000000005, 0.17]",grasping,25779,762004793,-0.046483623464950774,0.44780753373983906,-0.28616551391152356,-1.5095739458777278,-0.013638332821020005,0.014442827628150384
"[-0.015, 0.010000000000000005, 0.035, 0.010000000000000005, 0.010000000000000005, 0.17]",grasping,25779,766004793,-0.027101618856716192,0.4738538700337056,-0.28630571994955645,-0.08407547222176559,-0.011636895495852062,0.02995330377927574
"[-0.015, 0.010000000000000005, 0.035, 0.010000000000000005, 0.010000000000000005, 0.17]",grasping,25779,770004793,-0.0267621467174346,0.4738025070942964,-0.28640847692868476,-0.08424543691808423,-0.011809614530644053,0.029918895582636412
"[-0.015, 0.010000000000000005, 0.035, 0.010000000000000005, 0.010000000000000005, 0.17]",grasping,25779,774004793,-0.02660510728718063,0.4736575785884387,-0.2863783029929792,-0.08441903230514056,-0.011984660713526996,0.02989274220488275
"[-0.015, 0.010000000000000005, 0.035, 0.010000000000000005, 0.010000000000000005, 0.17]",grasping,25779,778004793,-0.02648982136828315,0.47351313642026227,-0.28634471099754677,-0.08460350598100641,-0.01203497799410247,0.029869542635345886
"[-0.015, 0.010000000000000005, 0.035, 0.010000000000000005, 0.010000000000000005, 0.17]",grasping,25779,782004793,-0.026284217249579356,0.4733744159822475,-0.28636778114269035,-0.08477331031388921,-0.012280424194960227,0.029830811913719224
"[-0.015, 0.010000000000000005, 0.035, 0.010000000000000005, 0.010000000000000005, 0.17]",grasping,25779,786004793,-0.026172742748863442,0.47331553696762185,-0.2863652539721784,-0.08496773994700293,-0.012333996427400018,0.029806745779815708
"[-0.015, 0.010000000000000005, 0.035, 0.010000000000000005, 0.010000000000000005, 0.17]",grasping,25779,790004793,-0.025954793721285285,0.47329730239072276,-0.2864240117292134,-0.08514957003558443,-0.01257670760728008,0.029776386331251764
"[-0.015, 0.010000000000000005, 0.035, 0.010000000000000005, 0.010000000000000005, 0.17]",grasping,25779,794004793,-0.025886492418967455,0.47331850962170385,-0.2864336113632149,-0.0853559998112643,-0.012648490074543495,0.02974251992586946
"[-0.015, 0.010000000000000005, 0.035, 0.010000000000000005, 0.010000000000000005, 0.17]",grasping,25779,798004793,-0.04499771624471516,0.44736233340030296,-0.2863293667306408,-1.5112550788741308,-0.014978576878538152,0.014201885825197713
"[-0.015, 0.010000000000000005, 0.035, 0.010000000000000005, 0.010000000000000005, 0.17]",grasping,25779,802004793,-0.025459994415268028,0.47348951838686837,-0.28660946755447725,-0.08574318450357937,-0.013014550487385979,0.029705837843356675
"[-0.015, 0.010000000000000005, 0.035, 0.010000000000000005, 0.010000000000000005, 0.17]",grasping,25779,806004793,-0.025305415934746167,0.4735820276672147,-0.28666844093445576,-0.08594614443381415,-0.013084135125898955,0.02970387786570569
"[-0.015, 0.010000000000000005, 0.035, 0.010000000000000005, 0.010000000000000005, 0.17]",grasping,25779,810004793,-0.025075737284080468,0.4736130119141322,-0.28677610626736083,-0.08612867158443122,-0.013319719419139397,0.029676561187901462
"[-0.015, 0.010000000000000005, 0.035, 0.010000000000000005, 0.010000000000000005, 0.17]",grasping,25779,814004793,-0.024966114540958817,0.4736333115382543,-0.28681481372822404,-0.0863273269053215,-0.01337221607234973,0.029666675983266305
"[-0.015, 0.010000000000000005, 0.035, 0.010000000000000005, 0.010000000000000005, 0.17]",grasping,25779,818004793,-0.04411771998392616,0.44752935322321363,-0.2867052681415174,-1.5122059644928234,-0.01571212700239999,0.0141118446592019
"[-0.015, 0.010000000000000005, 0.035, 0.010000000000000005, 0.010000000000000005, 0.17]",grasping,25779,822004793,-0.024652755866804876,0.47354796008159994,-0.286949126205279,-0.0866900909279219,-0.01366205123106834,0.029616850494455282
"[-0.015, 0.010000000000000005, 0.035, 0.010000000000000005, 0.010000000000000005, 0.17]",grasping,25779,826004793,-0.02438430106468842,0.4735041136411997,-0.2870600448300138,-0.08685717825404429,-0.013883627823449207,0.029609138812669272
"[-0.015, 0.010000000000000005, 0.035, 0.010000000000000005, 0.010000000000000005, 0.17]",grasping,25779,830004793,-0.02425749981857911,0.4734214045014866,-0.2871210672293145,-0.0870321185761948,-0.014013840795152444,0.02957983869505021
"[-0.015, 0.010000000000000005, 0.035, 0.010000000000000005, 0.010000000000000005, 0.17]",grasping,25779,834004793,-0.02410158816793978,0.47337580062605333,-0.2871799616760917,-0.08721146176677091,-0.01409302755815034,0.029582775665918604
"[-0.015, 0.010000000000000005, 0.035, 0.010000000000000005, 0.010000000000000005, 0.17]",grasping,25779,838004793,-0.02386803724231451,0.47329403959569305,-0.2873019386119573,-0.08737362506237267,-0.014324179618520505,0.02955654007006636
"[-0.015, 0.010000000000000005, 0.035, 0.010000000000000005, 0.010000000000000005, 0.17]",grasping,25779,842004793,-0.023771099955393893,0.4732347293982482,-0.28734937631493196,-0.08755780418183956,-0.014370915904037551,0.029548803995127965
"[-0.015, 0.010000000000000005, 0.035, 0.010000000000000005, 0.010000000000000005, 0.17]",grasping,25779,846004793,-0.023532103927277892,0.4731692042417226,-0.28748018051476976,-0.0877192397092191,-0.014601070222997892,0.029529073874439538
"[-0.015, 0.010000000000000005, 0.035, 0.010000000000000005, 0.010000000000000005, 0.17]",grasping,25779,850004793,-0.023464152902371693,0.47309364952778665,-0.28753569195510664,-0.08790158344713805,-0.014650169850587869,0.0295052170039401
"[-0.015, 0.010000000000000005, 0.035, 0.010000000000000005, 0.010000000000000005, 0.17]",grasping,25779,854004793,-0.023188584371628573,0.4730597506559828,-0.2876795408386137,-0.08806283940787374,-0.014873204516362648,0.029507001396845395
"[-0.015, 0.010000000000000005, 0.035, 0.010000000000000005, 0.010000000000000005, 0.17]",grasping,25779,858004793,-0.023039033646502616,0.472993063542857,-0.28778606943266993,-0.0882296317548586,-0.01501325239260054,0.029486769119385386
"[-0.015, 0.010000000000000005, 0.035, 0.010000000000000005, 0.010000000000000005, 0.17]",grasping,25779,862004793,-0.02291875252221276,0.4729388135563699,-0.28785821576217785,-0.088406143979259,-0.015070985110678392,0.029491839814333592
"[-0.015, 0.010000000000000005, 0.035, 0.010000000000000005, 0.010000000000000005, 0.17]",grasping,25779,866004793,-0.02267774884361068,0.47285026656359364,-0.28801246592889385,-0.08855985273826422,-0.015303571201439714,0.029472884230809654
"[-0.015, 0.010000000000000005, 0.035, 0.010000000000000005, 0.010000000000000005, 0.17]",grasping,25779,870004793,-0.0419791400294785,0.44667678743835104,-0.2878751142924756,-1.514436820301036,-0.017443344762318458,0.013944493749777548
"[-0.015, 0.010000000000000005, 0.035, 0.010000000000000005, 0.010000000000000005, 0.17]",grasping,25779,874004793,-0.022347153317453072,0.4726655220757223,-0.28823567430506003,-0.08888539852096244,-0.015571100293389373,0.02945717412001736
"[-0.015, 0.010000000000000005, 0.035, 0.010000000000000005, 0.010000000000000005, 0.17]",grasping,25779,878004793,-0.022313401212869066,0.4725220713482674,-0.28830267311384716,-0.08905550639052984,-0.015606313646598147,0.029424959043032994
"[-0.015, 0.010000000000000005, 0.035, 0.010000000000000005, 0.010000000000000005, 0.17]",grasping,25779,882004793,-0.022080787056583284,0.4724670546526699,-0.28843602185243356,-0.08921073601888566,-0.01575680534020535,0.029448800349659632
"[-0.015, 0.010000000000000005, 0.035, 0.010000000000000005, 0.010000000000000005, 0.17]",grasping,25779,886004793,-0.02183479939454136,0.47234347155239575,-0.2886084881535851,-0.08935492235359768,-0.015992715780371425,0.029432983237153848
"[-0.015, 0.010000000000000005, 0.035, 0.010000000000000005, 0.010000000000000005, 0.17]",grasping,25779,890004793,-0.02176579488541841,0.4722253079522645,-0.28867943278955366,-0.08952364906141153,-0.01601066630057746,0.0294349084997515
"[-0.015, 0.010000000000000005, 0.035, 0.010000000000000005, 0.010000000000000005, 0.17]",grasping,25779,894004793,-0.04089695722262249,0.44599939776086295,-0.2886635729764855,-1.5153623624345731,-0.01836152570030647,0.013895115548055587
"[-0.015, 0.010000000000000005, 0.035, 0.010000000000000005, 0.010000000000000005, 0.17]",grasping,25779,898004793,-0.021469278619661802,0.4719548281498831,-0.28893717579577327,-0.08982942333759045,-0.016267924304911696,0.029408985641205337
"[-0.015, 0.010000000000000005, 0.035, 0.010000000000000005, 0.010000000000000005, 0.17]",grasping,25779,902004793,-0.02124715769131752,0.4718602372006515,-0.289091072391205,-0.08997525520086277,-0.01643752135382781,0.02942061895375922
"[-0.015, 0.010000000000000005, 0.035, 0.010000000000000005, 0.010000000000000005, 0.17]",grasping,25779,906004793,-0.04051612796244314,0.4455792771895535,-0.2890331021626693,-1.5158210402512005,-0.018676243376761104,0.013862574942411221
"[-0.015, 0.010000000000000005, 0.035, 0.010000000000000005, 0.010000000000000005, 0.17]",grasping,25779,910004793,-0.020946767320398407,0.47158829006545133,-0.2893602150986183,-0.09027532954408993,-0.016672900690269943,0.02941524486416483
"[-0.015, 0.010000000000000005, 0.035, 0.010000000000000005, 0.010000000000000005, 0.17]",grasping,25779,914004793,-0.020667076080586932,0.47144748175973206,-0.2895663854590147,-0.09040444988842894,-0.016940394134970727,0.029405934937634215
"[-0.015, 0.010000000000000005, 0.035, 0.010000000000000005, 0.010000000000000005, 0.17]",grasping,25779,918004793,-0.02059100275400677,0.47128469298333897,-0.2896862013759325,-0.09055535895975142,-0.01700772196452338,0.029387670796568538
"[-0.015, 0.010000000000000005, 0.035, 0.010000000000000005, 0.010000000000000005, 0.17]",grasping,25779,922004793,-0.02045772972534421,0.4711706761392218,-0.2898033009281633,-0.09070837334123516,-0.01706480122034193,0.029412626238824957
"[-0.015, 0.010000000000000005, 0.035, 0.010000000000000005, 0.010000000000000005, 0.17]",grasping,25779,927004793,-0.039581466889551664,0.4449223788198591,-0.28981937433214355,-1.516538400251405,-0.019418464197218155,0.013878883240029782
"[-0.015, 0.010000000000000005, 0.035, 0.010000000000000005, 0.010000000000000005, 0.17]",grasping,25779,931004793,-0.019918947581131607,0.4708205274392263,-0.29027110481850826,-0.09105019196499572,-0.01754792444989911,0.02940332176214519
"[-0.015, 0.010000000000000005, 0.035, 0.010000000000000005, 0.010000000000000005, 0.17]",grasping,25779,934004793,-0.019826902904803323,0.4707551802160985,-0.2903588505056689,-0.0911201071725114,-0.017625233009510577,0.029403674196253837
"[-0.015, 0.010000000000000005, 0.035, 0.010000000000000005, 0.010000000000000005, 0.17]",grasping,25779,938004793,-0.019642436089954862,0.4706239916308501,-0.2905341806788506,-0.09125980850675058,-0.017779733607336146,0.029404713617519396
"[-0.015, 0.010000000000000005, 0.035, 0.010000000000000005, 0.010000000000000005, 0.17]",grasping,25779,942004793,-0.01966882060258124,0.4704293881989443,-0.2905908769995946,-0.09145918866422037,-0.017691285013173408,0.02941398116168925
"[-0.015, 0.010000000000000005, 0.035, 0.010000000000000005, 0.010000000000000005, 0.17]",grasping,25779,946004793,-0.01948189916111781,0.47026321058380915,-0.290755726286303,-0.09159223600282088,-0.01784244885602837,0.02941766301535123
"[-0.015, 0.010000000000000005, 0.035, 0.010000000000000005, 0.010000000000000005, 0.17]",grasping,25779,950004793,-0.03869187631400778,0.4439950247904889,-0.2907342602988692,-1.517421242676437,-0.020101963660346334,0.01388970752092994
"[-0.015, 0.010000000000000005, 0.035, 0.010000000000000005, 0.010000000000000005, 0.17]",grasping,25779,954004793,-0.01912423943735292,0.4699536077856781,-0.29109387292439237,-0.09186091397858051,-0.01814758073480044,0.02941447518935153
"[-0.015, 0.010000000000000005, 0.035, 0.010000000000000005, 0.010000000000000005, 0.17]",grasping,25779,958004793,-0.018942763153098563,0.46981063088319175,-0.2912648241933553,-0.09199649990503939,-0.0183000324541584,0.02941525381879609
"[-0.015, 0.010000000000000005, 0.035, 0.010000000000000005, 0.010000000000000005, 0.17]",grasping,25779,962004793,-0.018760354002592183,0.46966720311746535,-0.29143546324002756,-0.09213194329076713,-0.018452373833690472,0.02941684462785088
"[-0.015, 0.010000000000000005, 0.035, 0.010000000000000005, 0.010000000000000005, 0.17]",grasping,25779,966004793,-0.01857745706680991,0.4695191301486652,-0.29160500936740164,-0.0922667603934057,-0.018604617067369933,0.029418810160875192
"[-0.015, 0.010000000000000005, 0.035, 0.010000000000000005, 0.010000000000000005, 0.17]",grasping,25779,970004793,-0.018394355884996993,0.46936438404697967,-0.2917731010457061,-0.09240072376699812,-0.018756791371309867,0.02942086215661327
"[-0.015, 0.010000000000000005, 0.035, 0.010000000000000005, 0.010000000000000005, 0.17]",grasping,25779,974004793,-0.018211207988118205,0.46920291856872254,-0.291939765666978,-0.092533838769013,-0.018908935147616046,0.02942284191887168
"[-0.015, 0.010000000000000005, 0.035, 0.010000000000000005, 0.010000000000000005, 0.17]",grasping,25779,978004793,-0.018028077915971108,0.4690361563729599,-0.2921053191171694,-0.09266628161213802,-0.019061087141892252,0.029424694569316956
"[-0.015, 0.010000000000000005, 0.035, 0.010000000000000005, 0.010000000000000005, 0.17]",grasping,25779,982004793,-0.017844968101046244,0.46886631887266006,-0.29227023160469656,-0.09279831954742157,-0.019213279308304965,0.029426438513196623
"[-0.015, 0.010000000000000005, 0.035, 0.010000000000000005, 0.010000000000000005, 0.17]",grasping,25779,986004793,-0.017661847016387122,0.4686957650418879,-0.2924349945356255,-0.09293023273897813,-0.019365532481498582,0.029428133441442045
"[-0.015, 0.010000000000000005, 0.035, 0.010000000000000005, 0.010000000000000005, 0.17]",grasping,25779,990004793,-0.017478672617047553,0.4685264667729232,-0.2926000149732282,-0.09306225294938722,-0.01951785512190496,0.029429851679317276
"[-0.015, 0.010000000000000005, 0.035, 0.010000000000000005, 0.010000000000000005, 0.17]",grasping,25779,994004793,-0.017295408732160233,0.46835969199796956,-0.29276555263770376,-0.09319452707276873,-0.019670244788673852,0.02943165596011635
"[-0.015, 0.010000000000000005, 0.035, 0.010000000000000005, 0.010000000000000005, 0.17]",grasping,25779,998004793,-0.01711203467552508,0.46819590892060603,-0.2929317017771105,-0.09332710681866932,-0.0198226911970647,0.029433586480874546
"[-0.015, 0.010000000000000005, 0.035, 0.010000000000000005, 0.010000000000000005, 0.17]",grasping,25780,2004793,-0.036315783986164696,0.44192584761512066,-0.29290845690186273,-1.5191548887145783,-0.022082104555387783,0.013911026238804414
"[-0.015, 0.010000000000000005, 0.035, 0.010000000000000005, 0.010000000000000005, 0.17]",grasping,25780,6004793,-0.01674496172680856,0.4678758627969266,-0.2932655286403154,-0.09359299892990083,-0.02012769839266204,0.02943785364072654
"[-0.015, 0.010000000000000005, 0.035, 0.010000000000000005, 0.010000000000000005, 0.17]",grasping,25780,10004793,-0.01656129967185538,0.4677179023169806,-0.29343285614282166,-0.09372610707363097,-0.020280234208118086,0.02944015030040606
"[-0.015, 0.010000000000000005, 0.035, 0.010000000000000005, 0.010000000000000005, 0.17]",grasping,25780,14004793,-0.01637758891601504,0.4675600524452701,-0.2936002005476972,-0.09385917340778183,-0.02043278122682013,0.029442510012526235
"[-0.015, 0.010000000000000005, 0.035, 0.010000000000000005, 0.010000000000000005, 0.17]",grasping,25780,18004793,-0.01619385418092789,0.46740157599325904,-0.29376741169923903,-0.0939921116556621,-0.02058533761080561,0.02944489792332608
"[-0.015, 0.010000000000000005, 0.035, 0.010000000000000005, 0.010000000000000005, 0.17]",grasping,25780,22004793,-0.016060309738813727,0.46725478831706013,-0.2939094000902607,-0.09413378714389536,-0.020677616205297178,0.02945140342972785
"[-0.015, 0.010000000000000005, 0.035, 0.010000000000000005, 0.010000000000000005, 0.17]",grasping,25780,26004793,-0.016522805186201472,0.4671695089968253,-0.29377281676973865,-0.09436419160648052,-0.020131761933573245,0.029457181131126303
"[-0.015, 0.010000000000000005, 0.035, 0.010000000000000005, 0.010000000000000005, 0.17]",grasping,25780,30004793,-0.01704292400471924,0.4670565998966545,-0.2936178678708288,-0.09459610540749167,-0.019551445032280068,0.02944659550848272
"[-0.015, 0.010000000000000005, 0.035, 0.010000000000000005, 0.010000000000000005, 0.17]",grasping,25780,34004793,-0.017745816341120324,0.4669609377034938,-0.2933744575175119,-0.0948571055513347,-0.018770397530552596,0.029438805608533458
"[-0.015, 0.010000000000000005, 0.035, 0.010000000000000005, 0.010000000000000005, 0.17]",grasping,25780,38004793,-0.018415827797638673,0.4667193521573356,-0.2931299461069301,-0.09509717786079186,-0.018024983040990095,0.02942889762125861
"[-0.015, 0.010000000000000005, 0.035, 0.010000000000000005, 0.010000000000000005, 0.17]",grasping,25780,42004793,-0.018253255030297066,0.4662716178134989,-0.2932735723083475,-0.09518611122150067,-0.01819349690103822,0.029407094252144883
"[-0.015, 0.010000000000000005, 0.035, 0.010000000000000005, 0.010000000000000005, 0.17]",grasping,25780,46004793,-0.01838358879979346,0.46602563947800846,-0.2932846187423266,-0.09534774603575308,-0.017982348471677567,0.029424467150964168
"[-0.015, 0.010000000000000005, 0.035, 0.010000000000000005, 0.010000000000000005, 0.17]",grasping,25780,50004793,-0.018455766228623938,0.4657598879841647,-0.29335549972769215,-0.09549128303249407,-0.01790160174853961,0.02940630063545402
"[-0.015, 0.010000000000000005, 0.035, 0.010000000000000005, 0.010000000000000005, 0.17]",grasping,25780,54004793,-0.018354096071309056,0.465610902740071,-0.2935144601631485,-0.0956271712590459,-0.017951181632039792,0.02942104829349748
"[-0.015, 0.010000000000000005, 0.035, 0.010000000000000005, 0.010000000000000005, 0.17]",grasping,25780,58004793,-0.01867502165969609,0.46552727359848944,-0.2934914023532542,-0.0958301040882798,-0.01757818421454216,0.029422040175184072
"[-0.015, 0.010000000000000005, 0.035, 0.010000000000000005, 0.010000000000000005, 0.17]",grasping,25780,62004793,-0.01847056468159952,0.4653712389994311,-0.2937171665888556,-0.09594527070335201,-0.017758520063389238,0.0294299570415662
"[-0.015, 0.010000000000000005, 0.035, 0.010000000000000005, 0.010000000000000005, 0.17]",grasping,25780,66004793,-0.018907084790861506,0.4653477785956781,-0.29364162601724786,-0.09617297824180479,-0.017212587626426967,0.029457401035782094
"[-0.015, 0.010000000000000005, 0.035, 0.010000000000000005, 0.010000000000000005, 0.17]",grasping,25780,70004793,-0.018731560945081882,0.4651262689121083,-0.29386134958282994,-0.0962792819240269,-0.017397609538301773,0.02944881356398993
"[-0.015, 0.010000000000000005, 0.035, 0.010000000000000005, 0.010000000000000005, 0.17]",grasping,25780,74004793,-0.018934013030335317,0.4650364461065575,-0.2938922166196072,-0.09646311840992516,-0.01708984652111034,0.029481434674245632
"[-0.015, 0.010000000000000005, 0.035, 0.010000000000000005, 0.010000000000000005, 0.17]",grasping,25780,78004793,-0.01904164730947394,0.46475577375460375,-0.29397544332618253,-0.09659733462145972,-0.017009526380119988,0.02945281872027103
"[-0.015, 0.010000000000000005, 0.035, 0.010000000000000005, 0.010000000000000005, 0.17]",grasping,25780,82004793,-0.038573056559253804,0.43847398974333274,-0.2938353935657716,-1.5224491617008438,-0.018847463178597312,0.013972984372146724
"[-0.015, 0.010000000000000005, 0.035, 0.010000000000000005, 0.010000000000000005, 0.17]",grasping,25780,86004793,-0.019320341700911958,0.4643542742097395,-0.29407681005435293,-0.09690940623632263,-0.016590433287950068,0.029493721996053684
"[-0.015, 0.010000000000000005, 0.035, 0.010000000000000005, 0.010000000000000005, 0.17]",grasping,25780,90004793,-0.019127494895228303,0.4640574845818701,-0.2942992956928592,-0.0970008074575032,-0.016766634133985048,0.029498487978537158
"[-0.015, 0.010000000000000005, 0.035, 0.010000000000000005, 0.010000000000000005, 0.17]",grasping,25780,94004793,-0.019603575125114958,0.46393511444536095,-0.29420952424646885,-0.09721777084302766,-0.01614725210201101,0.02953632566108705
"[-0.015, 0.010000000000000005, 0.035, 0.010000000000000005, 0.010000000000000005, 0.17]",grasping,25780,99004793,-0.03884710801940455,0.4374422920101182,-0.2942446297640089,-1.5229899398431106,-0.018438809786696875,0.013997034857774732
"[-0.015, 0.010000000000000005, 0.035, 0.010000000000000005, 0.010000000000000005, 0.17]",grasping,25780,102004793,-0.019666731450835584,0.4634165628799618,-0.2944649415646765,-0.09747454875100653,-0.015987120484020845,0.029557705334942702
"[-0.015, 0.010000000000000005, 0.035, 0.010000000000000005, 0.010000000000000005, 0.17]",grasping,25780,106004793,-0.019794539247391774,0.46310856001377054,-0.2945550255787168,-0.09760671873641946,-0.0158946430101487,0.029541406169706963
"[-0.015, 0.010000000000000005, 0.035, 0.010000000000000005, 0.010000000000000005, 0.17]",grasping,25780,110004793,-0.01974822233954443,0.46288666738254136,-0.2947384034994087,-0.09772789868832318,-0.015823819341940215,0.02957066411516221
"[-0.015, 0.010000000000000005, 0.035, 0.010000000000000005, 0.010000000000000005, 0.17]",grasping,25780,114004793,-0.039530224919102575,0.4365040455853535,-0.2945280075016399,-1.5235935359842243,-0.017541116822529457,0.014050279806057414
"[-0.015, 0.010000000000000005, 0.035, 0.010000000000000005, 0.010000000000000005, 0.17]",grasping,25780,118004793,-0.03942700292323309,0.4362486686786564,-0.2947496314310527,-1.523699105427227,-0.01754681824666049,0.014072966458354375
"[-0.015, 0.010000000000000005, 0.035, 0.010000000000000005, 0.010000000000000005, 0.17]",grasping,25780,122004793,-0.020401669201398687,0.4622041568632902,-0.2949097578730395,-0.09819961828142434,-0.014977064560987408,0.029620978309701895
"[-0.015, 0.010000000000000005, 0.035, 0.010000000000000005, 0.010000000000000005, 0.17]",grasping,25780,126004793,0.4848422554705831,0.2689544235275019,0.9071110449452107,-0.10500950373410739,-0.004044720579890859,0.075435585774897
"[-0.015, 0.010000000000000005, 0.035, 0.010000000000000005, 0.010000000000000005, 0.17]",grasping,25780,130004793,0.9799998737951194,-0.10505338194252367,2.311814113166946,-0.09227304346123433,-0.006001457985409353,0.07060199809970943
"[-0.015, 0.010000000000000005, 0.035, 0.010000000000000005, 0.010000000000000005, 0.17]",grasping,25780,134004793,1.2578648965081929,-0.640090464004647,3.403618359754155,-0.05452868205269151,-0.018800867522666298,-0.019527659474954412
"[-0.015, 0.010000000000000005, 0.035, 0.010000000000000005, 0.010000000000000005, 0.17]",grasping,25780,138004793,1.40898478365745,-0.8889920355418166,3.8226980279239378,-0.03170126949886087,-0.015429857418309045,0.015453849822432503
"[-0.015, 0.010000000000000005, 0.035, 0.010000000000000005, 0.010000000000000005, 0.17]",grasping,25780,142004793,-3.2614169424546553,0.686020019099713,-7.483313086123182,0.037611926700195475,-0.08074519713960354,-0.4331387221798816
"[-0.015, 0.010000000000000005, 0.035, 0.010000000000000005, 0.010000000000000005, 0.17]",grasping,25780,146004793,1.4658298889761614,-1.1924643316556818,4.00195724711331,0.003321573802275435,-0.017716169701602447,0.04461639302360368
"[-0.015, 0.010000000000000005, 0.035, 0.010000000000000005, 0.010000000000000005, 0.17]",grasping,25780,150004793,-5.067280961524198,1.2709436137132233,-11.984621265874736,0.07205236795278336,-0.10920197982869706,-0.5581268312615512
"[-0.015, 0.010000000000000005, 0.035, 0.010000000000000005, 0.010000000000000005, 0.17]",grasping,25780,154004793,8.329910452125214,-3.981057608234293,21.026711267205883,-0.04658108017560908,0.057133871431507915,0.6904743115506351
"[-0.015, 0.010000000000000005, 0.035, 0.010000000000000005, 0.010000000000000005, 0.17]",grasping,25780,158004793,0.7536314383060136,-1.0636562063556667,2.5396033335596115,0.02308259119955508,-0.05513380428193726,-0.04345275248022448
"[-0.015, 0.010000000000000005, 0.035, 0.010000000000000005, 0.010000000000000005, 0.17]",grasping,25780,162004793,-7.2409032627807495,2.5215551643616063,-17.643396269835137,0.05151280403651104,-0.1568970076588732,-0.6936177120738504
"[-0.015, 0.010000000000000005, 0.035, 0.010000000000000005, 0.010000000000000005, 0.17]",grasping,25780,166004793,0.6507443215605726,-0.9635273842101224,2.689845664742233,-1.4252454341945977,-0.10652366076485342,-0.21004573723835587
"[-0.015, 0.010000000000000005, 0.035, 0.010000000000000005, 0.010000000000000005, 0.17]",grasping,25780,170004793,10.696971744699518,-3.808885671050442,26.50293079516416,-0.18352258401898977,0.08013017972659997,1.2189300841446713
"[-0.015, 0.010000000000000005, 0.035, 0.010000000000000005, 0.010000000000000005, 0.17]",grasping,25780,174004793,-10.45581022164431,3.7466300050386376,-25.369422706598485,0.08333917335656238,-0.24361398311977078,-1.0429231819037565
"[-0.015, 0.010000000000000005, 0.035, 0.010000000000000005, 0.010000000000000005, 0.17]",grasping,25780,178004793,11.300763913838583,-4.160263496468568,28.41209544889086,-0.18546651281674173,0.05158731686345286,1.200442461682318
"[-0.015, 0.010000000000000005, 0.035, 0.010000000000000005, 0.010000000000000005, 0.17]",grasping,25780,182004793,10.813576046654106,-4.320821147789305,27.880389181936067,-0.1516889075850986,0.014776793762126011,1.0630262811553357
"[-0.015, 0.010000000000000005, 0.035, 0.010000000000000005, 0.010000000000000005, 0.17]",grasping,25780,186004793,-12.312999492517198,4.844605488627492,-30.88344203208436,0.08220451619021757,-0.281516736194351,-1.0407964290568017
"[-0.015, 0.010000000000000005, 0.035, 0.010000000000000005, 0.010000000000000005, 0.17]",grasping,25780,190004793,-11.891037192016043,4.9720838155480624,-30.223780585471317,-1.3785972448816854,-0.2957299313799169,-0.9807587168860679
"[-0.015, 0.010000000000000005, 0.035, 0.010000000000000005, 0.010000000000000005, 0.17]",grasping,25780,194004793,-0.5812762273605948,0.22007954112011063,-0.6925567331735252,-0.04587464794852064,-0.18730960208828173,-0.032107136553994775
"[-0.015, 0.010000000000000005, 0.035, 0.010000000000000005, 0.010000000000000005, 0.17]",grasping,25780,198004793,-0.6346285497030787,-0.052814637249513297,-0.34818065822495115,-0.025338213094421302,-0.23689893515698301,-0.24579457127344287
"[-0.015, 0.010000000000000005, 0.035, 0.010000000000000005, 0.010000000000000005, 0.17]",grasping,25780,202004793,10.604949158494843,-4.187371022204156,28.475556106762507,-0.16813238652685436,-0.07403328993678265,1.1090909468888028
"[-0.015, 0.010000000000000005, 0.035, 0.010000000000000005, 0.010000000000000005, 0.17]",grasping,25780,206004793,-13.148359017010026,5.82285459666762,-34.40037366471574,0.04428768064000921,-0.36002905014015485,-1.0013673732368675
"[-0.015, 0.010000000000000005, 0.035, 0.010000000000000005, 0.010000000000000005, 0.17]",grasping,25780,210004793,-0.8054040548447412,0.9726170304809596,-2.091754314346307,-0.09701657505643371,-0.22506139676915338,0.21193069020934507
"[-0.015, 0.010000000000000005, 0.035, 0.010000000000000005, 0.010000000000000005, 0.17]",grasping,25780,214004793,11.02322625056754,-4.106696365480358,29.929362688238506,-0.20633086456620806,-0.12326352151411207,1.21597052949844
"[-0.015, 0.010000000000000005, 0.035, 0.010000000000000005, 0.010000000000000005, 0.17]",grasping,25780,218004793,-1.6214597600470928,0.9049494620514302,-3.4831810970184947,-0.05628098130477377,-0.3035502685481736,-0.0371104542843981
"[-0.015, 0.010000000000000005, 0.035, 0.010000000000000005, 0.010000000000000005, 0.17]",grasping,25780,222004793,9.080494998826,-3.7849852615560575,25.77515749988855,-0.14206629006245783,-0.19720239110141902,0.969223610207573
"[-0.015, 0.010000000000000005, 0.035, 0.010000000000000005, 0.010000000000000005, 0.17]",grasping,25780,226004793,10.673945665540835,-2.816238842209172,27.812542433000647,-0.3038531058240217,-0.09738805514493948,1.7303941605606554
"[-0.015, 0.010000000000000005, 0.035, 0.010000000000000005, 0.010000000000000005, 0.17]",grasping,25780,230004793,-12.734038834267565,6.130454082901654,-34.922366211670706,0.01605168355964931,-0.4641063953776605,-0.8978771283761673
"[-0.015, 0.010000000000000005, 0.035, 0.010000000000000005, 0.010000000000000005, 0.17]",grasping,25780,234004793,-12.23167158199801,6.0190631901391125,-33.62492055140229,-0.0008212062289819633,-0.49028685635601665,-0.8947249025894837
"[-0.015, 0.010000000000000005, 0.035, 0.010000000000000005, 0.010000000000000005, 0.17]",grasping,25780,238004793,-2.538010789366548,1.446403922878126,-6.022619683049349,-0.05972218058379919,-0.418990393631517,-0.09173660903830747
"[-0.015, 0.010000000000000005, 0.035, 0.010000000000000005, 0.010000000000000005, 0.17]",grasping,25780,242004793,-13.293092636841324,5.583771466533717,-35.8109677269814,0.10197761380013715,-0.591997502781056,-1.3033387471345892
"[-0.015, 0.010000000000000005, 0.035, 0.010000000000000005, 0.010000000000000005, 0.17]",grasping,25780,246004793,-11.812057036052844,6.020843178679911,-33.41154068950696,-0.00638687609630656,-0.5284350365286381,-0.7851878687457585
"[-0.015, 0.010000000000000005, 0.035, 0.010000000000000005, 0.010000000000000005, 0.17]",grasping,25780,250004793,-2.0826831178599976,1.5584708210028833,-5.3349308944097515,-0.08909055361013499,-0.4625528204313111,0.013559142020537623
"[-0.015, 0.010000000000000005, 0.035, 0.010000000000000005, 0.010000000000000005, 0.17]",grasping,25780,254004793,-10.353947975059095,5.627652344210887,-29.880125588387045,-0.04032134886246963,-0.5499399311342941,-0.64773664540136
"[-0.015, 0.010000000000000005, 0.035, 0.010000000000000005, 0.010000000000000005, 0.17]",grasping,25780,259004793,-9.683557208145535,5.322668098822787,-28.07349211756403,-1.472333003241214,-0.5682667362337813,-0.6133579435682861
"[-0.015, 0.010000000000000005, 0.035, 0.010000000000000005, 0.010000000000000005, 0.17]",grasping,25780,262004793,6.210525031868556,-1.960244803142265,18.439314919568375,-0.18849513089622327,-0.42296837931927467,0.8101843267052697
"[-0.015, 0.010000000000000005, 0.035, 0.010000000000000005, 0.010000000000000005, 0.17]",grasping,25780,266004793,-1.946714028928503,1.826695765135181,-5.883560087188101,-0.1104411610761768,-0.4997390898487021,0.16170505160933718
"[-0.015, 0.010000000000000005, 0.035, 0.010000000000000005, 0.010000000000000005, 0.17]",grasping,25780,270004793,-8.90949215280127,4.886427571261768,-26.527986006971787,-0.027131750232275043,-0.5852119079500513,-0.48030012779700304
"[-0.015, 0.010000000000000005, 0.035, 0.010000000000000005, 0.010000000000000005, 0.17]",grasping,25780,274004793,-8.003386803485503,4.564281717221064,-24.095845117299334,-0.0438297702208581,-0.5928997394475132,-0.40493326357683757
"[-0.015, 0.010000000000000005, 0.035, 0.010000000000000005, 0.010000000000000005, 0.17]",grasping,25780,278004793,-2.480561998345365,2.035613532985712,-7.630012454555789,-0.09808363474381887,-0.5462231969688898,0.11731910427702702
"[-0.015, 0.010000000000000005, 0.035, 0.010000000000000005, 0.010000000000000005, 0.17]",grasping,25780,282004793,2.548353915419925,0.3199216094012858,6.575721414049653,-0.2048374926606796,-0.47668720997829883,0.7534750682225977
"[-0.015, 0.010000000000000005, 0.035, 0.010000000000000005, 0.010000000000000005, 0.17]",grasping,25780,286004793,-6.765656653885639,3.5761991886889337,-19.87170183245526,-0.015514369538128181,-0.6614045026352805,-0.50754843988518
"[-0.015, 0.010000000000000005, 0.035, 0.010000000000000005, 0.010000000000000005, 0.17]",grasping,25780,290004793,-2.850819522067102,2.0544650745897624,-8.38500392964783,-0.08394672555492161,-0.6278674920830474,-0.10087480957486519
"[-0.015, 0.010000000000000005, 0.035, 0.010000000000000005, 0.010000000000000005, 0.17]",grasping,25780,294004793,-2.5803371853256154,2.631385308966099,-8.64867995297745,-0.15136940145024613,-0.5878702409826858,0.1604311563804594
"[-0.015, 0.010000000000000005, 0.035, 0.010000000000000005, 0.010000000000000005, 0.17]",grasping,25780,298004793,-2.5635857701518696,2.7363362491753005,-8.729453016006516,-0.1629809885662763,-0.5955311718580901,0.16841106681902634
"[-0.015, 0.010000000000000005, 0.035, 0.010000000000000005, 0.010000000000000005, 0.17]",grasping,25780,302004793,-1.9969871928897105,2.544495144429998,-7.042755255463547,-0.1769319762318421,-0.6000480055818981,0.20846757335323401
"[-0.015, 0.010000000000000005, 0.035, 0.010000000000000005, 0.010000000000000005, 0.17]",grasping,25780,306004793,-1.582517032767705,2.285936981292899,-5.663025576592592,-0.17521890300284554,-0.6064452401735754,0.21781114661223056
"[-0.015, 0.010000000000000005, 0.035, 0.010000000000000005, 0.010000000000000005, 0.17]",grasping,25780,310004793,-0.9721124863285178,1.7062538825833649,-3.498012941624303,-1.5793407105531259,-0.6121983118393652,0.21683432442518571
"[-0.015, 0.010000000000000005, 0.035, 0.010000000000000005, 0.010000000000000005, 0.17]",grasping,25780,314004793,-0.7058186276712028,1.4235802994677709,-2.632428332664375,-0.13523004837477023,-0.6085655496593473,0.23578691911993865
"[-0.015, 0.010000000000000005, 0.035, 0.010000000000000005, 0.010000000000000005, 0.17]",grasping,25780,318004793,-0.47998865708055743,1.0431305461513034,-1.8113255734467835,-0.10655193436204807,-0.6051349304660617,0.23925893956079286
"[-0.015, 0.010000000000000005, 0.035, 0.010000000000000005, 0.010000000000000005, 0.17]",grasping,25780,322004793,-0.33305100218396944,0.7200931584457546,-1.2572445338646965,-0.07926703986815348,-0.6009609585100946,0.2410194568665945
"[-0.015, 0.010000000000000005, 0.035, 0.010000000000000005, 0.010000000000000005, 0.17]",grasping,25780,326004793,-0.23735684990195777,0.4761745499005361,-0.8870913260028743,-0.05778990410952617,-0.5973295983476276,0.24216807700720602
"[-0.015, 0.010000000000000005, 0.035, 0.010000000000000005, 0.010000000000000005, 0.17]",grasping,25780,330004793,-0.17456600594682542,0.32273351666556316,-0.6456100735007411,-0.04464092181850049,-0.5950128312956738,0.24345337802482747
"[-0.015, 0.010000000000000005, 0.035, 0.010000000000000005, 0.010000000000000005, 0.17]",grasping,25780,334004793,-0.13268998015848876,0.2570183131580279,-0.494374976077566,-0.040247550182022584,-0.5942706378811058,0.24522394621403049
"[-0.015, 0.010000000000000005, 0.035, 0.010000000000000005, 0.010000000000000005, 0.17]",grasping,25780,338004793,-0.1040751150452664,0.26354033581740843,-0.40533719113440014,-0.04326867665001266,-0.5949422644849597,0.24748617449516247
"[-0.015, 0.010000000000000005, 0.035, 0.010000000000000005, 0.010000000000000005, 0.17]",insertion,25780,342004793,-0.08398508495521279,0.318631881824448,-0.3573212852973455,-0.05123727301097697,-0.596592829100702,0.2500187526830189
"[-0.015, 0.010000000000000005, 0.035, 0.010000000000000005, 0.010000000000000005, 0.17]",insertion,25780,346004793,-0.06958623436015626,0.39618656342484293,-0.3342743861225763,-0.061302568079742825,-0.5986758997426439,0.2525015680544797
"[-0.015, 0.010000000000000005, 0.035, 0.010000000000000005, 0.010000000000000005, 0.17]",insertion,25780,350004793,0.02834711180253785,0.0836923245389638,0.006169900303369502,1.4179223498653117,0.0010950647179583939,0.016011902158693206
"[-0.015, 0.010000000000000005, 0.035, 0.010000000000000005, 0.010000000000000005, 0.17]",insertion,25780,354004793,0.03566765502451247,0.1427547685164683,0.010891187061602636,1.4106729659002768,-0.000442492737203537,0.017566965206256148
"[-0.015, 0.010000000000000005, 0.035, 0.010000000000000005, 0.010000000000000005, 0.17]",insertion,25780,358004793,0.040590500475102764,0.175411840355725,0.015266453813122638,1.406688983163977,-0.0013163254585828454,0.018463130081699045
"[-0.015, 0.010000000000000005, 0.035, 0.010000000000000005, 0.010000000000000005, 0.17]",insertion,25780,362004793,0.0232273275449435,0.15118292532112854,0.02372027333039739,-0.018683906922094318,-0.0040301827137485535,0.004265678835999501
"[-0.015, 0.010000000000000005, 0.035, 0.010000000000000005, 0.010000000000000005, 0.17]",insertion,25780,366004793,0.04520098274398293,0.1635748065226359,0.029736759367910537,1.4079987125230016,-0.0011367568923257299,0.018531398967567704
"[-0.015, 0.010000000000000005, 0.035, 0.010000000000000005, 0.010000000000000005, 0.17]",insertion,25780,370004793,0.04576838885717571,0.13260944559026555,0.03918904055560901,1.4116164162598697,-0.0004133623529020136,0.01802755464984812
"[-0.015, 0.010000000000000005, 0.035, 0.010000000000000005, 0.010000000000000005, 0.17]",insertion,25780,374004793,0.04571477738730728,0.09718255845049661,0.04845069373652677,1.4157439584198561,0.000433810236207699,0.0174220720906477
"[-0.015, 0.010000000000000005, 0.035, 0.010000000000000005, 0.010000000000000005, 0.17]",insertion,25780,378004793,0.045376339012056954,0.06543592218591243,0.05622531891830462,1.4194211829103907,0.001204529156455858,0.01687725767907343
"[-0.015, 0.010000000000000005, 0.035, 0.010000000000000005, 0.010000000000000005, 0.17]",insertion,25780,382004793,0.045007398704058454,0.04287662693784533,0.061635080017548916,1.4220060122887859,0.001761566916165469,0.016500025440869828
"[-0.015, 0.010000000000000005, 0.035, 0.010000000000000005, 0.010000000000000005, 0.17]",insertion,25780,386004793,0.023834966779891942,0.0038839241826522652,0.06500728591093008,-0.0016535424359094275,-0.0004999089543543667,0.0018656784211250332
"[-0.015, 0.010000000000000005, 0.035, 0.010000000000000005, 0.010000000000000005, 0.17]",insertion,25780,390004793,0.044729818422920564,0.03187607695977768,0.06464002643106781,1.4231648981508627,0.0020598599450670774,0.016369691356583567
"[-0.015, 0.010000000000000005, 0.035, 0.010000000000000005, 0.010000000000000005, 0.17]",insertion,25780,394004793,0.04488641046787201,0.040269189461943355,0.06307395450260245,1.4221276149149416,0.0018712785142673827,0.016554028420382054
"[-0.015, 0.010000000000000005, 0.035, 0.010000000000000005, 0.010000000000000005, 0.17]",insertion,25780,398004793,0.0451835476281649,0.05333433011751687,0.06047666918970407,1.420557939699664,0.0015661465981480216,0.016817306034673338
"[-0.015, 0.010000000000000005, 0.035, 0.010000000000000005, 0.010000000000000005, 0.17]",insertion,25780,402004793,0.04554321038484355,0.06729167882406983,0.05765256018367637,1.418899927508115,0.0012355580005191102,0.01708902655894326
"[-0.015, 0.010000000000000005, 0.035, 0.010000000000000005, 0.010000000000000005, 0.17]",insertion,25780,406004793,0.025060074753548045,0.054408332285612815,0.05512556030067017,-0.007744749024555908,-0.0016728701667076962,0.002896835174469599
"[-0.015, 0.010000000000000005, 0.035, 0.010000000000000005, 0.010000000000000005, 0.17]",insertion,25780,410004793,0.046159062154507324,0.08679367264054072,0.05365684627937384,1.4166077455313968,0.0007692531286142001,0.017456201882525342
"[-0.015, 0.010000000000000005, 0.035, 0.010000000000000005, 0.010000000000000005, 0.17]",insertion,25780,414004793,0.046323632121654246,0.08982290636832424,0.053014017065716956,1.4162589392025788,0.0006969123718154613,0.017508877527187647
"[-0.015, 0.010000000000000005, 0.035, 0.010000000000000005, 0.010000000000000005, 0.17]",insertion,25780,418004793,0.0463773361869807,0.0886452509021094,0.05322162273904141,1.4164030312951261,0.0007267906925568779,0.01748227758825715
"[-0.015, 0.010000000000000005, 0.035, 0.010000000000000005, 0.010000000000000005, 0.17]",insertion,25780,422004793,0.04633831917643183,0.08448332074913267,0.0540301798760332,1.416893186515519,0.0008301407083582957,0.017400898556925955
"[-0.015, 0.010000000000000005, 0.035, 0.010000000000000005, 0.010000000000000005, 0.17]",insertion,25780,426004793,0.04623865485165807,0.07887752603602216,0.055125188738916364,1.4175469574150248,0.0009700768580086505,0.017294523336889987
"[-0.015, 0.010000000000000005, 0.035, 0.010000000000000005, 0.010000000000000005, 0.17]",insertion,25780,430004793,0.04611474893726808,0.07329776658831655,0.05620707458509955,1.418191781716099,0.001110998615280856,0.017190940077703137
"[-0.015, 0.010000000000000005, 0.035, 0.010000000000000005, 0.010000000000000005, 0.17]",insertion,25780,434004793,0.045999058780543,0.06886127101369865,0.05704897636325157,1.4186977172918536,0.0012255233323544834,0.01711077697421326
"[-0.015, 0.010000000000000005, 0.035, 0.010000000000000005, 0.010000000000000005, 0.17]",insertion,25780,438004793,0.04591452249269501,0.06618880899898016,0.05752594699069391,1.4189937806517248,0.001298109636793554,0.01706500830263926
"[-0.015, 0.010000000000000005, 0.035, 0.010000000000000005, 0.010000000000000005, 0.17]",insertion,25780,442004793,0.04587220578093859,0.06539581302737041,0.057616436905739477,1.419068440345709,0.0013254168473247896,0.01705500970241724
"[-0.015, 0.010000000000000005, 0.035, 0.010000000000000005, 0.010000000000000005, 0.17]",insertion,25780,446004793,0.045871897231606895,0.06618835114944233,0.05738234419335697,1.4189579066032039,0.0013140995775344777,0.01707455052273843
"[-0.015, 0.010000000000000005, 0.035, 0.010000000000000005, 0.010000000000000005, 0.17]",insertion,25780,450004793,0.028050855159594767,0.04126633826479953,0.0501147782041933,-0.00931508209606502,-0.0006723111375785962,0.0021867423893560944
"[-0.015, 0.010000000000000005, 0.035, 0.010000000000000005, 0.010000000000000005, 0.17]",insertion,25780,454004793,0.0483161306091302,0.06978878559579726,0.051186100395849365,1.4163066180743873,0.0017009769286031595,0.01665232272041063
"[-0.015, 0.010000000000000005, 0.035, 0.010000000000000005, 0.010000000000000005, 0.17]",insertion,25780,458004793,0.0475371862388283,0.07203208526426508,0.05248939507902861,1.4167907146267127,0.0014631219750076419,0.016878387763415673
"[-0.015, 0.010000000000000005, 0.035, 0.010000000000000005, 0.010000000000000005, 0.17]",insertion,25780,462004793,0.04706483280647161,0.07364223093892441,0.05329492178314155,1.4170898038606188,0.0013083817627433936,0.017034765519944615
"[-0.015, 0.010000000000000005, 0.035, 0.010000000000000005, 0.010000000000000005, 0.17]",insertion,25780,466004793,0.04675722654022302,0.07446112189291298,0.05385005698150991,1.417311716999143,0.0012143466492239297,0.017132601828902617
"[-0.015, 0.010000000000000005, 0.035, 0.010000000000000005, 0.010000000000000005, 0.17]",insertion,25780,470004793,0.04654992266768809,0.07452567930152831,0.054288760592054786,1.4175101165161137,0.0011659342376616477,0.017187840965821675
"[-0.015, 0.010000000000000005, 0.035, 0.010000000000000005, 0.010000000000000005, 0.17]",insertion,25780,474004793,0.025469539876442238,0.046790328923501434,0.05511782886560823,-0.007229052136338954,-0.0014213802232004857,0.0027565356699243357
"[-0.015, 0.010000000000000005, 0.035, 0.010000000000000005, 0.010000000000000005, 0.17]",insertion,25780,478004793,0.04629753649705981,0.07315207292685066,0.055000286973790224,1.41788593264335,0.001153734158018338,0.017221619917496073
"[-0.015, 0.010000000000000005, 0.035, 0.010000000000000005, 0.010000000000000005, 0.17]",insertion,25780,482004793,0.04621851338017896,0.07220846865388708,0.05527273018113377,1.4180467588937535,0.0011678602527778192,0.01722028846912197
"[-0.015, 0.010000000000000005, 0.035, 0.010000000000000005, 0.010000000000000005, 0.17]",insertion,25780,486004793,0.04616106058246139,0.07138404986540081,0.05546991612822083,1.4181719756372857,0.0011844016157751547,0.017216393047650304
"[-0.015, 0.010000000000000005, 0.035, 0.010000000000000005, 0.010000000000000005, 0.17]",insertion,25780,490004793,0.04612191936889276,0.07081077095624977,0.05558229945660642,1.4182535153957785,0.0011983451772384912,0.017214107364840255
"[-0.015, 0.010000000000000005, 0.035, 0.010000000000000005, 0.010000000000000005, 0.17]",insertion,25780,494004793,0.04609860414211092,0.0705372328983227,0.05561151333621339,1.418290688577107,0.001207282287361111,0.017215387870141943
"[-0.015, 0.010000000000000005, 0.035, 0.010000000000000005, 0.010000000000000005, 0.17]",insertion,25780,498004793,0.04608844654649491,0.0705388961644644,0.05557025693143203,1.4182897510254109,0.0012109760722901486,0.01722041261520308
"[-0.015, 0.010000000000000005, 0.035, 0.010000000000000005, 0.010000000000000005, 0.17]",insertion,25780,502004793,0.046088341414859346,0.07074061380037655,0.05547897527396728,1.418261759129567,0.001210695343855539,0.017228170121847526
"[-0.015, 0.010000000000000005, 0.035, 0.010000000000000005, 0.010000000000000005, 0.17]",insertion,25780,506004793,0.04609492984179875,0.07104403763207934,0.05536110378180226,1.4182196917933576,0.0012084687781507286,0.01723707951760854
"[-0.015, 0.010000000000000005, 0.035, 0.010000000000000005, 0.010000000000000005, 0.17]",insertion,25780,510004793,0.04610497954873588,0.07135320396871414,0.05523840551612125,1.4181756885915187,0.0012064063978940442,0.017245533827555858
"[-0.015, 0.010000000000000005, 0.035, 0.010000000000000005, 0.010000000000000005, 0.17]",insertion,25780,514004793,0.04611577417064594,0.07159354756673153,0.05512747275146168,1.4181389978112655,0.00120619481718931,0.017252290096584154
"[-0.015, 0.010000000000000005, 0.035, 0.010000000000000005, 0.010000000000000005, 0.17]",insertion,25780,518004793,0.025222410988103294,0.044709510862999124,0.05538080236308218,-0.006867762903871366,-0.0013606360004435603,0.002796757121347533
"[-0.015, 0.010000000000000005, 0.035, 0.010000000000000005, 0.010000000000000005, 0.17]",insertion,25780,522004793,0.04613278397276677,0.07172853292680692,0.05497232882302683,1.4181047702829992,0.0012144952144016452,0.017258603608323327
"[-0.015, 0.010000000000000005, 0.035, 0.010000000000000005, 0.010000000000000005, 0.17]",insertion,25780,526004793,0.04613775404941173,0.07163002177143873,0.054927496485913,1.4181065913125241,0.0012228084244677584,0.017258488853966733
"[-0.015, 0.010000000000000005, 0.035, 0.010000000000000005, 0.010000000000000005, 0.17]",insertion,25780,530004793,0.04614071450038071,0.07146082679173205,0.05489658983674062,1.4181163875699996,0.0012329206621650712,0.017257036234750854
"[-0.015, 0.010000000000000005, 0.035, 0.010000000000000005, 0.010000000000000005, 0.17]",insertion,25780,534004793,0.04614244775939497,0.07126150819295596,0.054871439498011654,1.41812943523435,0.0012438416603919311,0.017255044801081476
"[-0.015, 0.010000000000000005, 0.035, 0.010000000000000005, 0.010000000000000005, 0.17]",insertion,25780,538004793,0.04614383717690773,0.0710691548848974,0.054844562126302066,1.418141434133606,0.0012546601890531806,0.017253225994293145
"[-0.015, 0.010000000000000005, 0.035, 0.010000000000000005, 0.010000000000000005, 0.17]",insertion,25780,542004793,0.04614565094789341,0.07091066937218038,0.05481054729131429,1.418149293151591,0.0012647076746803432,0.017252082564788503
"[-0.015, 0.010000000000000005, 0.035, 0.010000000000000005, 0.010000000000000005, 0.17]",insertion,25780,546004793,0.046148405008533955,0.07079970968274374,0.05476668538822693,1.4181514801481314,0.0012736347926719516,0.01725185747865652
"[-0.015, 0.010000000000000005, 0.035, 0.010000000000000005, 0.010000000000000005, 0.17]",insertion,25780,550004793,0.0461523123611256,0.07073704603279474,0.054712891753748494,1.4181479697103765,0.0012814057282779512,0.017252547282895325
"[-0.015, 0.010000000000000005, 0.035, 0.010000000000000005, 0.010000000000000005, 0.17]",insertion,25780,554004793,0.046157307898299194,0.0707134524184383,0.054651111146817755,1.4181398953116298,0.001288230482982211,0.017253961694049684
"[-0.015, 0.010000000000000005, 0.035, 0.010000000000000005, 0.010000000000000005, 0.17]",insertion,25780,558004793,0.0461631249685418,0.07071394623096516,0.05458444773617188,1.4181290469075922,0.001294463451097294,0.017255806886455963
"[-0.015, 0.010000000000000005, 0.035, 0.010000000000000005, 0.010000000000000005, 0.17]",insertion,25780,562004793,0.04943378001543186,0.07518162243479765,0.8528960071721166,1.416809193691113,-0.0015166031419101555,0.01960416772377996
"[-0.015, 0.010000000000000005, 0.035, 0.010000000000000005, 0.010000000000000005, 0.17]",insertion,25780,566004793,0.06200902855912738,0.08892908840550184,2.4125331374572916,1.4137022893229416,-0.005605382941788695,0.026955612238342273
"[-0.015, 0.010000000000000005, 0.035, 0.010000000000000005, 0.010000000000000005, 0.17]",insertion,25780,570004793,0.05513265146754148,0.08019176039797138,0.7224055513681158,1.4164051419806583,0.0001582379216327201,0.022462585189460198
"[-0.015, 0.010000000000000005, 0.035, 0.010000000000000005, 0.010000000000000005, 0.17]",insertion,25780,574004793,0.02391678010181364,0.0470411900421972,-1.0424705913007948,1.4221658335667935,0.0019778178716424177,0.004272495617117872
"[-0.015, 0.010000000000000005, 0.035, 0.010000000000000005, 0.010000000000000005, 0.17]",insertion,25780,579004793,0.06613305418694032,0.0925505845419714,1.8262389560721566,1.413982743581292,-0.0025639183690318035,0.029411840459005807
"[-0.015, 0.010000000000000005, 0.035, 0.010000000000000005, 0.010000000000000005, 0.17]",insertion,25780,582004793,0.013337717677689653,0.02998822441805693,-1.1842857143449237,-0.0037160621484551015,0.0019260548851337544,-0.004481651496859938
"[-0.015, 0.010000000000000005, 0.035, 0.010000000000000005, 0.010000000000000005, 0.17]",insertion,25780,586004793,0.024846375675501742,0.048168864110888165,-1.2519258284758443,1.4224381647499227,0.0030073799738981055,0.005045051020971074
"[-0.015, 0.010000000000000005, 0.035, 0.010000000000000005, 0.010000000000000005, 0.17]",insertion,25780,590004793,0.06417746777531175,0.09032664105926713,1.6307332072495164,1.4146464396803389,-0.0020086966110530735,0.028144093227952367
"[-0.015, 0.010000000000000005, 0.035, 0.010000000000000005, 0.010000000000000005, 0.17]",insertion,25780,594004793,0.027197732252372042,0.05287981184110713,-0.07968896775971146,1.4208754346681092,-0.0017288899278224967,0.007385144891743058
"[-0.015, 0.010000000000000005, 0.035, 0.010000000000000005, 0.010000000000000005, 0.17]",insertion,25780,598004793,0.06450207279745068,0.09077617739863797,1.3788214608533735,1.415023120899461,-0.0009155764751299644,0.02833266920173328
"[-0.015, 0.010000000000000005, 0.035, 0.010000000000000005, 0.010000000000000005, 0.17]",insertion,25780,602004793,0.032416684912645544,0.055146894470755825,-1.619450177183328,1.4223410107766177,0.006074695711644762,0.008859021818896307
"[-0.015, 0.010000000000000005, 0.035, 0.010000000000000005, 0.010000000000000005, 0.17]",insertion,25780,606004793,0.027253613661908094,0.05138262562989482,-1.434369969131648,1.4226566488844739,0.004040756235053622,0.006790166216352686
"[-0.015, 0.010000000000000005, 0.035, 0.010000000000000005, 0.010000000000000005, 0.17]",insertion,25780,610004793,0.03408026233136585,0.05731759998123209,-1.4142169367385549,1.4220326949062458,0.005369232379421662,0.010065503272015212
"[-0.015, 0.010000000000000005, 0.035, 0.010000000000000005, 0.010000000000000005, 0.17]",insertion,25780,614004793,0.05578392647752661,0.08114147803260963,0.2508508235369682,1.417611436609317,0.0021493694610840164,0.023149015114369335
"[-0.015, 0.010000000000000005, 0.035, 0.010000000000000005, 0.010000000000000005, 0.17]",insertion,25780,618004793,0.04701172434109513,0.07269582404947883,0.19835792226328408,1.4187396503923775,0.0006495028545071557,0.0184134222420023
"[-0.015, 0.010000000000000005, 0.035, 0.010000000000000005, 0.010000000000000005, 0.17]",insertion,25780,622004793,0.02622419547099375,0.05049838558533715,-1.2618516525450865,1.4229198050259537,0.0030822161623982325,0.006231805148651529
"[-0.015, 0.010000000000000005, 0.035, 0.010000000000000005, 0.010000000000000005, 0.17]",insertion,25780,626004793,0.04698372333854961,0.07277879467321391,0.22421561031512027,1.41885884895418,0.0005021535576511527,0.018497689182515896
"[-0.015, 0.010000000000000005, 0.035, 0.010000000000000005, 0.010000000000000005, 0.17]",insertion,25780,630004793,0.0660499984158297,0.09318105008759048,1.7054321188143327,1.4150490611533826,-0.0022758120148379524,0.029710812814022623
"[-0.015, 0.010000000000000005, 0.035, 0.010000000000000005, 0.010000000000000005, 0.17]",insertion,25780,634004793,0.03393166843502843,0.05736883149352856,-1.2797077742355398,1.4223617241394773,0.004672167757643564,0.010204571343648529
"[-0.015, 0.010000000000000005, 0.035, 0.010000000000000005, 0.010000000000000005, 0.17]",insertion,25780,638004793,0.010781445946264068,0.027960887054856443,-1.2252160654647888,-0.002250037250255632,0.0015649669727744175,-0.005551815092312895
"[-0.015, 0.010000000000000005, 0.035, 0.010000000000000005, 0.010000000000000005, 0.17]",insertion,25780,642004793,0.04484878889527677,0.06849566353961833,-1.0055969007233294,1.4208897249783705,0.005449916414514422,0.016507903534748854
"[-0.015, 0.010000000000000005, 0.035, 0.010000000000000005, 0.010000000000000005, 0.17]",insertion,25780,646004793,0.06231063663322306,0.08864473485026991,1.6808496014047414,1.415933828457765,-0.0027274899745463044,0.027285422151043716
"[-0.015, 0.010000000000000005, 0.035, 0.010000000000000005, 0.010000000000000005, 0.17]",insertion,25780,650004793,0.031624653127496904,0.054835620292632115,-1.3084525379340626,1.423013218797228,0.004443541237588389,0.008868790850979816
"[-0.015, 0.010000000000000005, 0.035, 0.010000000000000005, 0.010000000000000005, 0.17]",insertion,25780,654004793,0.03611465360185229,0.06000498869640403,-1.2053788837003871,1.422316799178601,0.004569401396990691,0.011835642873485056
"[-0.015, 0.010000000000000005, 0.035, 0.010000000000000005, 0.010000000000000005, 0.17]",insertion,25780,658004793,0.022648083594826895,0.04612492393526679,-1.4014705954733877,1.4242922244170368,0.0030888980639881547,0.004063390795823546
"[-0.015, 0.010000000000000005, 0.035, 0.010000000000000005, 0.010000000000000005, 0.17]",insertion,25780,662004793,0.055074458432344986,0.08204915873488439,1.4066366219419102,1.4173041577012875,-0.0031116360072386273,0.023700840066024957
"[-0.015, 0.010000000000000005, 0.035, 0.010000000000000005, 0.010000000000000005, 0.17]",insertion,25780,666004793,0.04832604602732676,0.07636717134674242,1.4231374710938631,1.418040638447744,-0.0046255603813220025,0.020569487414094895
"[-0.015, 0.010000000000000005, 0.035, 0.010000000000000005, 0.010000000000000005, 0.17]",insertion,25780,670004793,0.06389593833770407,0.09063200661452875,1.4583553777253968,1.4164175073637564,-0.0016608989703560395,0.02851468316297364
"[-0.015, 0.010000000000000005, 0.035, 0.010000000000000005, 0.010000000000000005, 0.17]",insertion,25780,674004793,0.036845864430264386,0.06286725356180511,-0.054905435070207176,1.4212957074596633,-0.00035892115008473446,0.013279511805314115
"[-0.015, 0.010000000000000005, 0.035, 0.010000000000000005, 0.010000000000000005, 0.17]",insertion,25780,678004793,0.03454836659559418,0.060509083246444106,-0.04189538583004904,1.4216826729115994,-0.0007245882536316417,0.011927006336495183
"[-0.015, 0.010000000000000005, 0.035, 0.010000000000000005, 0.010000000000000005, 0.17]",insertion,25780,682004793,0.04232814414634262,0.06768794044636195,-0.020775366835213305,1.4209057105920215,0.0007299022052233983,0.015908809723806684
"[-0.015, 0.010000000000000005, 0.035, 0.010000000000000005, 0.010000000000000005, 0.17]",insertion,25780,686004793,0.04403801748845143,0.06940255518472505,-0.10660897431790417,1.4208558503668287,0.0012949294550157475,0.01689642753067229
"[-0.015, 0.010000000000000005, 0.035, 0.010000000000000005, 0.010000000000000005, 0.17]",insertion,25780,690004793,0.04196548815934864,0.06711148397847744,-0.17540390944687445,1.4213233265120397,0.0013087282501192954,0.015625791833726643
"[-0.015, 0.010000000000000005, 0.035, 0.010000000000000005, 0.010000000000000005, 0.17]",insertion,25780,694004793,0.0525648160332714,0.07758263121347397,-0.08238731851205117,1.4200634932021998,0.0028236127389572596,0.02150875613658393
"[-0.015, 0.010000000000000005, 0.035, 0.010000000000000005, 0.010000000000000005, 0.17]",insertion,25780,698004793,0.04399310607951046,0.06940450667068276,-0.1461702287111173,1.421193165520175,0.001403975276242253,0.01698210320554768
"[-0.015, 0.010000000000000005, 0.035, 0.010000000000000005, 0.010000000000000005, 0.17]",insertion,25780,702004793,0.05501282112090078,0.08059620219738406,0.062350114040956583,1.4197254596203017,0.0024757107241575316,0.02324292349611063
"[-0.015, 0.010000000000000005, 0.035, 0.010000000000000005, 0.010000000000000005, 0.17]",insertion,25780,706004793,0.010071096216144604,0.02779955776066778,-1.3504074213106527,-0.0005996670937442605,0.0017237829257454873,-0.005412495731995905
"[-0.015, 0.010000000000000005, 0.035, 0.010000000000000005, 0.010000000000000005, 0.17]",insertion,25780,710004793,0.04433029248254028,0.07049052543159462,0.16444926202582266,1.4210159754640541,4.441247913511415e-05,0.017537903376941853
"[-0.015, 0.010000000000000005, 0.035, 0.010000000000000005, 0.010000000000000005, 0.17]",insertion,25780,714004793,0.035738637393204264,0.062406061233440724,0.11522348865180021,1.422101425540022,-0.001439506826898751,0.013021962188624003
"[-0.015, 0.010000000000000005, 0.035, 0.010000000000000005, 0.010000000000000005, 0.17]",insertion,25780,718004793,0.0654507750340837,0.09344557859467528,1.7456972888690991,1.4168468796527451,-0.0029528594375056727,0.030094036246537316
"[-0.015, 0.010000000000000005, 0.035, 0.010000000000000005, 0.010000000000000005, 0.17]",insertion,25780,722004793,0.02516019677532405,0.050304397507003884,-1.1532797668679535,1.4249466616177924,0.002063775760190234,0.00652115584473853
"[-0.015, 0.010000000000000005, 0.035, 0.010000000000000005, 0.010000000000000005, 0.17]",insertion,25780,726004793,0.0116917566676909,0.02980655741320959,-1.2410464635866383,-0.0005915071914173176,0.001365382340123511,-0.004253663068997153
"[-0.015, 0.010000000000000005, 0.035, 0.010000000000000005, 0.010000000000000005, 0.17]",insertion,25780,730004793,0.04135910140393523,0.06715858276166564,0.11860407013749708,1.421867326650608,-0.00023056481491567915,0.015734127598931023
"[-0.015, 0.010000000000000005, 0.035, 0.010000000000000005, 0.010000000000000005, 0.17]",insertion,25780,734004793,0.04406161638548234,0.07033864096300135,0.21075019611790324,1.4214438741618283,-0.00028864206292089634,0.017590072615353315
"[-0.015, 0.010000000000000005, 0.035, 0.010000000000000005, 0.010000000000000005, 0.17]",insertion,25780,738004793,0.033063453229415396,0.05748957286733969,-1.128537107124174,1.4243754599767684,0.0034878550288073296,0.010694608371324923
"[-0.015, 0.010000000000000005, 0.035, 0.010000000000000005, 0.010000000000000005, 0.17]",insertion,25780,742004793,0.03232616235460661,0.05657077427531121,-1.1001973641890608,1.4245247900463398,0.003249527709657807,0.010187946251133395
"[-0.015, 0.010000000000000005, 0.035, 0.010000000000000005, 0.010000000000000005, 0.17]",insertion,25780,746004793,0.0524730693431143,0.07943796494668653,1.37873155352111,1.4194271146203319,-0.0037507843161546095,0.022479477217846038
"[-0.015, 0.010000000000000005, 0.035, 0.010000000000000005, 0.010000000000000005, 0.17]",insertion,25780,750004793,0.043930133141583005,0.06981936261862387,-0.09567695927250597,1.4221318041899267,0.0009557367889370116,0.01741672596061554
"[-0.015, 0.010000000000000005, 0.035, 0.010000000000000005, 0.010000000000000005, 0.17]",insertion,25780,754004793,0.041239247756935715,0.06661135621852132,-0.16848072262134295,1.4227118679328232,0.0009056143813858109,0.015668267539401065
"[-0.015, 0.010000000000000005, 0.035, 0.010000000000000005, 0.010000000000000005, 0.17]",insertion,25780,758004793,0.02495068059332506,0.051448958136191436,-0.3546289863732106,1.4247980813385062,-0.0015340677970887562,0.0072778159937922915
"[-0.015, 0.010000000000000005, 0.035, 0.010000000000000005, 0.010000000000000005, 0.17]",insertion,25780,762004793,0.03129570926002129,0.057207339940603674,-0.3653284145285731,1.424267055711818,-0.00011655913103714166,0.010452883312735063
"[-0.015, 0.010000000000000005, 0.035, 0.010000000000000005, 0.010000000000000005, 0.17]",insertion,25780,766004793,0.03324906187025689,0.05753040540746568,-1.6205915464861214,1.4255334715157635,0.0055373151799573694,0.010887201895429285
"[-0.015, 0.010000000000000005, 0.035, 0.010000000000000005, 0.010000000000000005, 0.17]",insertion,25780,770004793,0.06481339365076055,0.0941406527168187,2.6630920414168138,1.4170006442990566,-0.007258906801987597,0.030575839857143926
"[-0.015, 0.010000000000000005, 0.035, 0.010000000000000005, 0.010000000000000005, 0.17]",insertion,25780,774004793,0.024910147548699357,0.04998922780350057,-1.6856724148960645,1.4267061473931062,0.004132450013329958,0.006620999568244058
"[-0.015, 0.010000000000000005, 0.035, 0.010000000000000005, 0.010000000000000005, 0.17]",insertion,25780,778004793,0.0614413281578593,0.08826181652591991,1.1193238389717841,1.4194714466033655,-0.0010721009319561992,0.027450691449288918
"[-0.015, 0.010000000000000005, 0.035, 0.010000000000000005, 0.010000000000000005, 0.17]",insertion,25780,782004793,0.05719939082205944,0.08580610422116486,1.2601631321083566,1.4196943183544914,-0.002799339166568049,0.026127720506486547
"[-0.015, 0.010000000000000005, 0.035, 0.010000000000000005, 0.010000000000000005, 0.17]",insertion,25780,786004793,0.04596905660606754,0.07285799154754002,-0.04805248675703311,1.4226440682937727,0.0008197878872148179,0.019134531102889367
"[-0.015, 0.010000000000000005, 0.035, 0.010000000000000005, 0.010000000000000005, 0.17]",insertion,25780,790004793,0.04512056046932189,0.07190894678704574,0.0006797063227672595,1.4228061070102862,0.0004701625458837233,0.018585481934328497
"[-0.015, 0.010000000000000005, 0.035, 0.010000000000000005, 0.010000000000000005, 0.17]",insertion,25780,794004793,0.05120820050494279,0.07736340924597584,0.14582101371592415,1.422128260976748,0.0011644794627320154,0.021574662131115488
"[-0.015, 0.010000000000000005, 0.035, 0.010000000000000005, 0.010000000000000005, 0.17]",insertion,25780,798004793,0.029097428270984382,0.05345858687207716,-1.4091600056091416,1.4266418043619267,0.0038868303113407388,0.008489673335269982
"[-0.015, 0.010000000000000005, 0.035, 0.010000000000000005, 0.010000000000000005, 0.17]",insertion,25780,802004793,0.0665369210143612,0.09555429522298375,1.7786822190333673,1.418442447189161,-0.0033917540903863896,0.03151168907265605
"[-0.015, 0.010000000000000005, 0.035, 0.010000000000000005, 0.010000000000000005, 0.17]",insertion,25780,806004793,-0.007540967640690677,0.01257524205186833,-1.2808036803666134,0.003381488272445221,-0.002438044710110665,-0.013553739943953858
"[-0.015, 0.010000000000000005, 0.035, 0.010000000000000005, 0.010000000000000005, 0.17]",insertion,25780,810004793,0.0399597754147995,0.06618685659545953,0.08738457087673268,1.423861853939445,-0.0006858988053367598,0.015405362624982828
"[-0.015, 0.010000000000000005, 0.035, 0.010000000000000005, 0.010000000000000005, 0.17]",insertion,25780,814004793,0.042548958211568566,0.06918775944998323,0.07688828510320889,1.4235701360313944,-0.00031211151325638564,0.017168690739096756
"[-0.015, 0.010000000000000005, 0.035, 0.010000000000000005, 0.010000000000000005, 0.17]",insertion,25780,818004793,0.06648120652473427,0.09520899504059699,1.7335411306291242,1.418840302908849,-0.00328106074597756,0.031496085539077505
"[-0.015, 0.010000000000000005, 0.035, 0.010000000000000005, 0.010000000000000005, 0.17]",insertion,25780,822004793,0.05548590975203038,0.08426113421809944,1.6630428880217174,1.4203151519309265,-0.0049851645230792885,0.02542586151431763
"[-0.015, 0.010000000000000005, 0.035, 0.010000000000000005, 0.010000000000000005, 0.17]",insertion,25780,826004793,0.05273500707604384,0.07906985829144375,0.2287471158979777,1.4224533614974157,0.0008597749394151366,0.02275202577791969
"[-0.015, 0.010000000000000005, 0.035, 0.010000000000000005, 0.010000000000000005, 0.17]",insertion,25780,830004793,0.041758959956786024,0.06802576670476945,0.05744258336745034,1.4240448370920347,-0.0004064426169242408,0.016637512213373534
"[-0.015, 0.010000000000000005, 0.035, 0.010000000000000005, 0.010000000000000005, 0.17]",insertion,25780,834004793,0.010611727436062868,0.029620976026500045,-1.2404898194309446,0.0018552105173241795,0.0007485226847699922,-0.003851563437540291
"[-0.015, 0.010000000000000005, 0.035, 0.010000000000000005, 0.010000000000000005, 0.17]",insertion,25780,838004793,0.029113383999375686,0.05384281905041455,-1.2811152878178014,1.4272620977123993,0.0031805289379084334,0.008946793510357383
"[-0.015, 0.010000000000000005, 0.035, 0.010000000000000005, 0.010000000000000005, 0.17]",insertion,25780,842004793,0.03140125453369624,0.05849912327307116,0.06080396825973722,1.4254413329063689,-0.0023650218776948284,0.011312591700593795
"[-0.015, 0.010000000000000005, 0.035, 0.010000000000000005, 0.010000000000000005, 0.17]",insertion,25780,846004793,0.02298103710376298,0.04852999030556404,-1.4670287241545772,1.4282215436268415,0.002602547754808726,0.006026011375243487
"[-0.015, 0.010000000000000005, 0.035, 0.010000000000000005, 0.010000000000000005, 0.17]",insertion,25780,850004793,0.06352738628971955,0.09350332497960423,2.7626653318837953,1.4187197437888501,-0.00830154071281608,0.030376577548999938
"[-0.015, 0.010000000000000005, 0.035, 0.010000000000000005, 0.010000000000000005, 0.17]",insertion,25780,854004793,0.03177223524618594,0.05668598532480473,-1.6080242838158014,1.4275919579698653,0.004889779694575158,0.010628905297962295
"[-0.015, 0.010000000000000005, 0.035, 0.010000000000000005, 0.010000000000000005, 0.17]",insertion,25780,858004793,0.07645432425215337,0.1064628145448463,2.821715804055458,1.4172646396737365,-0.006357314130538083,0.03769315385912873
"[-0.015, 0.010000000000000005, 0.035, 0.010000000000000005, 0.010000000000000005, 0.17]",insertion,25780,862004793,0.04213691083467985,0.06680587765605495,-1.4301846979204207,1.42637934094892,0.005979430888712667,0.01631765429560058
"[-0.015, 0.010000000000000005, 0.035, 0.010000000000000005, 0.010000000000000005, 0.17]",insertion,25780,866004793,0.030301382200619287,0.05495944128360719,-1.5238176022773118,1.428009975421436,0.004266761420486209,0.009721793435097645
"[-0.015, 0.010000000000000005, 0.035, 0.010000000000000005, 0.010000000000000005, 0.17]",insertion,25780,870004793,0.010329088125668406,0.029529542724739954,-1.4597659888957288,0.002937081424366106,0.0015060895425206278,-0.0038116379529133312
"[-0.015, 0.010000000000000005, 0.035, 0.010000000000000005, 0.010000000000000005, 0.17]",insertion,25780,874004793,0.039773680852282,0.06661126567955478,-0.04131452747857267,1.4253522514062067,-0.0004282694285160371,0.015895829243753094
"[-0.015, 0.010000000000000005, 0.035, 0.010000000000000005, 0.010000000000000005, 0.17]",insertion,25780,878004793,0.03966455971835059,0.06655609797468998,-0.020348396601907126,1.425428428616922,-0.0005586707363171017,0.015850396370631785
"[-0.015, 0.010000000000000005, 0.035, 0.010000000000000005, 0.010000000000000005, 0.17]",insertion,25780,882004793,0.04211331500504889,0.06969444792397539,0.11894601673221317,1.4249730112144356,-0.0008593925270209413,0.01759916978440905
"[-0.015, 0.010000000000000005, 0.035, 0.010000000000000005, 0.010000000000000005, 0.17]",insertion,25780,886004793,0.04944722851019934,0.07591937503680057,0.10993959487883487,1.4243286162329947,0.0006525552655016753,0.0210413913948063
"[-0.015, 0.010000000000000005, 0.035, 0.010000000000000005, 0.010000000000000005, 0.17]",insertion,25780,890004793,0.03339404081995956,0.061501013523033166,0.07961092753300036,1.4261554614602354,-0.002419639249940597,0.013096009982502703
"[-0.015, 0.010000000000000005, 0.035, 0.010000000000000005, 0.010000000000000005, 0.17]",insertion,25780,894004793,0.04095630643126169,0.06794003477817334,-0.0424478695288677,1.4256085447347426,-0.0003757434957218919,0.016679353507425138
"[-0.015, 0.010000000000000005, 0.035, 0.010000000000000005, 0.010000000000000005, 0.17]",insertion,25780,898004793,0.04164406844122959,0.06890554794939874,-0.008603889699443812,1.4255468088690206,-0.0004428965249314576,0.017284256540050336
"[-0.015, 0.010000000000000005, 0.035, 0.010000000000000005, 0.010000000000000005, 0.17]",insertion,25780,902004793,0.041536600351297526,0.06870781116712799,0.01358317282534216,1.4256369245948313,-0.0005752381810559815,0.01722504204373749
"[-0.015, 0.010000000000000005, 0.035, 0.010000000000000005, 0.010000000000000005, 0.17]",insertion,25780,906004793,0.009763530172741341,0.02924299687255072,-1.3684816050657886,0.0036834392091804613,0.000869936113090497,-0.003794265025213142
"[-0.015, 0.010000000000000005, 0.035, 0.010000000000000005, 0.010000000000000005, 0.17]",insertion,25780,910004793,0.04973676521744619,0.07652834006207243,0.16331898789945498,1.4247303703531948,0.0003583693039105329,0.021561722275910987
"[-0.015, 0.010000000000000005, 0.035, 0.010000000000000005, 0.010000000000000005, 0.17]",insertion,25780,914004793,0.0218862994179454,0.04998093101443679,-0.13672131039826851,1.4283137374972537,-0.003639453554131644,0.0068552515856077495
"[-0.015, 0.010000000000000005, 0.035, 0.010000000000000005, 0.010000000000000005, 0.17]",insertion,25780,918004793,0.04152407070710046,0.06883426588635366,-0.07231153354292985,1.426068271312278,-0.00027899062726588486,0.017315594638580366
"[-0.015, 0.010000000000000005, 0.035, 0.010000000000000005, 0.010000000000000005, 0.17]",insertion,25780,922004793,0.041796563215671934,0.06948990344139361,0.08474542500153248,1.4259165904248907,-0.0009409541017669776,0.017697307967292283
"[-0.015, 0.010000000000000005, 0.035, 0.010000000000000005, 0.010000000000000005, 0.17]",insertion,25780,926004793,0.041143462978411094,0.07048746151581398,1.3362752037049894,1.424659659674635,-0.006515549562691625,0.018009424555868965
"[-0.015, 0.010000000000000005, 0.035, 0.010000000000000005, 0.010000000000000005, 0.17]",insertion,25780,930004793,0.007629451817035504,0.027213406500763426,-1.5190030421743224,0.004659415789536103,0.0011463548626531317,-0.004916311599210084
"[-0.015, 0.010000000000000005, 0.035, 0.010000000000000005, 0.010000000000000005, 0.17]",insertion,25780,934004793,-0.001534410100941519,0.018343031583583524,-1.6083145501964786,0.0059055067458044785,-0.0002332096839926523,-0.009787117794701247
"[-0.015, 0.010000000000000005, 0.035, 0.010000000000000005, 0.010000000000000005, 0.17]",insertion,25780,938004793,0.03907002327163783,0.06628825255410042,-0.1508075422803259,1.4269514145574038,-0.0003464388939267149,0.015934697523469835
"[-0.015, 0.010000000000000005, 0.035, 0.010000000000000005, 0.010000000000000005, 0.17]",insertion,25780,942004793,0.05200358035143865,0.08123822995018593,1.3198515149435828,1.4237568829043428,-0.004554259491855617,0.024044249384526185
"[-0.015, 0.010000000000000005, 0.035, 0.010000000000000005, 0.010000000000000005, 0.17]",insertion,25780,946004793,0.05454427929251576,0.08421150919517295,1.390189090826123,1.4233983874755054,-0.004555691234367054,0.025725157391851376
"[-0.015, 0.010000000000000005, 0.035, 0.010000000000000005, 0.010000000000000005, 0.17]",insertion,25780,950004793,0.08634523097093583,0.11942979072629178,4.374073384446582,1.4162690681174586,-0.011798074371228151,0.04475237409090992
"[-0.015, 0.010000000000000005, 0.035, 0.010000000000000005, 0.010000000000000005, 0.17]",insertion,25780,954004793,0.049292198075057025,0.07616435791626408,-0.04495743518831219,1.4260261581424554,0.0009788224973703574,0.02142781394052653
"[-0.015, 0.010000000000000005, 0.035, 0.010000000000000005, 0.010000000000000005, 0.17]",insertion,25780,958004793,0.04078254611456206,0.06855459633424665,-0.009642421364869591,1.4269901141620598,-0.0008499623117611543,0.017243455324436767
"[-0.015, 0.010000000000000005, 0.035, 0.010000000000000005, 0.010000000000000005, 0.17]",insertion,25780,962004793,0.06204543213751096,0.09126435353874562,1.5506046679157528,1.4227718164771757,-0.0038212190182974615,0.029590770327850242
"[-0.015, 0.010000000000000005, 0.035, 0.010000000000000005, 0.010000000000000005, 0.17]",insertion,25780,967004793,0.008352321350127978,0.028296737043978837,-1.3898224398773742,0.005231604889046393,0.00048468628185383,-0.0042141493074709935
"[-0.015, 0.010000000000000005, 0.035, 0.010000000000000005, 0.010000000000000005, 0.17]",insertion,25780,970004793,0.027627429096884204,0.05558354429201273,-0.12882934720795447,1.428987316416907,-0.002654163344847582,0.010032430292488848
"[-0.015, 0.010000000000000005, 0.035, 0.010000000000000005, 0.010000000000000005, 0.17]",insertion,25780,974004793,0.03261137654827545,0.06132339354475924,-0.0791728663087703,1.4282878258403455,-0.002239573001613815,0.013292046349337831
"[-0.015, 0.010000000000000005, 0.035, 0.010000000000000005, 0.010000000000000005, 0.17]",insertion,25780,978004793,-0.002674244360275413,0.017306361135995374,-1.6869365598123416,0.007165672929605238,-0.000253863207119398,-0.010208931201309532
"[-0.015, 0.010000000000000005, 0.035, 0.010000000000000005, 0.010000000000000005, 0.17]",insertion,25780,982004793,-0.009631501359641692,0.011815444378925122,-1.6191215012284168,0.007846737273782933,-0.002007077418454184,-0.013176931370643283
"[-0.015, 0.010000000000000005, 0.035, 0.010000000000000005, 0.010000000000000005, 0.17]",insertion,25780,986004793,0.02752505116238324,0.05328515340432283,-1.5595781860255578,1.4310630596513016,0.003516252127015007,0.009131488663580163
"[-0.015, 0.010000000000000005, 0.035, 0.010000000000000005, 0.010000000000000005, 0.17]",insertion,25780,990004793,0.039634278944684076,0.06698680066639895,-0.2103718311492706,1.4281441445854937,-0.00028881486653409283,0.016533803517190915
"[-0.015, 0.010000000000000005, 0.035, 0.010000000000000005, 0.010000000000000005, 0.17]",insertion,25780,994004793,0.027590288205478153,0.05366898264429487,-1.531452820477167,1.4311916507291285,0.0033695849029528047,0.00937034741908363
"[-0.015, 0.010000000000000005, 0.035, 0.010000000000000005, 0.010000000000000005, 0.17]",insertion,25780,998004793,0.028611458050435246,0.054442829229115475,-1.5917438171589566,1.4312372557939708,0.0037311633829624213,0.00980689601177516
"[-0.015, 0.010000000000000005, 0.035, 0.010000000000000005, 0.010000000000000005, 0.17]",insertion,25781,2004793,0.05063058909305085,0.08021632489528585,1.281326401797056,1.425361730446197,-0.004897215153284562,0.023609034437688477
"[-0.015, 0.010000000000000005, 0.035, 0.010000000000000005, 0.010000000000000005, 0.17]",insertion,25781,6004793,0.0403353044453561,0.0683851521011114,-0.16067034127143742,1.4283313964007682,-0.0004963517067438916,0.017283787720188785
"[-0.015, 0.010000000000000005, 0.035, 0.010000000000000005, 0.010000000000000005, 0.17]",insertion,25781,10004793,0.011185853314438332,0.03431059083050236,-0.0847540862946623,0.0042946090240476575,-0.005067431785201193,-0.0009235279655061129
"[-0.015, 0.010000000000000005, 0.035, 0.010000000000000005, 0.010000000000000005, 0.17]",insertion,25781,14004793,0.031668417537066174,0.05874049531996128,-1.3224880317810523,1.4308134835282458,0.0028702349261333637,0.012181238060794235
"[-0.015, 0.010000000000000005, 0.035, 0.010000000000000005, 0.010000000000000005, 0.17]",insertion,25781,18004793,0.049709591753250015,0.07760944691696814,0.19635235353006308,1.4271150086831867,-0.00036335263347608837,0.022336757517970686
"[-0.015, 0.010000000000000005, 0.035, 0.010000000000000005, 0.010000000000000005, 0.17]",insertion,25781,22004793,0.04940496604085143,0.07883933534067644,1.3220993915081856,1.4259553729959544,-0.005372938352085854,0.0227955308148965
"[-0.015, 0.010000000000000005, 0.035, 0.010000000000000005, 0.010000000000000005, 0.17]",insertion,25781,26004793,0.019256700071176858,0.041712576204444574,-0.11474010053481365,0.0038133285753385593,-0.003420815944305211,0.003181690448933683
"[-0.015, 0.010000000000000005, 0.035, 0.010000000000000005, 0.010000000000000005, 0.17]",insertion,25781,30004793,0.04248555030510104,0.07142817879344676,0.05636210418736809,1.4282786364925366,-0.0012868664252790873,0.01905710894085176
"[-0.015, 0.010000000000000005, 0.035, 0.010000000000000005, 0.010000000000000005, 0.17]",insertion,25781,34004793,0.03980037682624571,0.06852158342791626,0.16874277867785636,1.428625197054748,-0.002151413990579054,0.017435104750939442
"[-0.015, 0.010000000000000005, 0.035, 0.010000000000000005, 0.010000000000000005, 0.17]",insertion,25781,38004793,-0.0010601561064843557,0.020384262892315874,-1.301480094648067,0.0078098859724733405,-0.0020329628331986482,-0.008312834291137064
"[-0.015, 0.010000000000000005, 0.035, 0.010000000000000005, 0.010000000000000005, 0.17]",insertion,25781,42004793,0.007159701537728769,0.027796002254591556,-1.3286932944702734,0.00703565582253729,-0.00031327120141011466,-0.004239928920365468
"[-0.015, 0.010000000000000005, 0.035, 0.010000000000000005, 0.010000000000000005, 0.17]",insertion,25781,46004793,0.0610690149492249,0.09142167396741385,1.7172257153043304,1.4245379571928427,-0.005129822108073223,0.029838837667829528
"[-0.015, 0.010000000000000005, 0.035, 0.010000000000000005, 0.010000000000000005, 0.17]",insertion,25781,50004793,0.03932095507367889,0.06814946178000625,0.2390780310443681,1.4289148189155034,-0.002604006318519314,0.017221375758667987
"[-0.015, 0.010000000000000005, 0.035, 0.010000000000000005, 0.010000000000000005, 0.17]",insertion,25781,54004793,0.06057932940684507,0.091074811031703,1.8264579500644977,1.4246176294118773,-0.0057074498552251995,0.029639202982270844
"[-0.015, 0.010000000000000005, 0.035, 0.010000000000000005, 0.010000000000000005, 0.17]",insertion,25781,58004793,0.0386915917644739,0.06723320994180426,0.19765442433811486,1.429212473747072,-0.002547547170295039,0.016726400252286742
"[-0.015, 0.010000000000000005, 0.035, 0.010000000000000005, 0.010000000000000005, 0.17]",insertion,25781,62004793,0.05786650103882457,0.08731851864059337,1.5606505502587495,1.425514904820512,-0.0049494256432641714,0.027608478342868496
"[-0.015, 0.010000000000000005, 0.035, 0.010000000000000005, 0.010000000000000005, 0.17]",insertion,25781,66004793,0.03915170851272759,0.06770710992716111,0.02321805456353232,1.4295015369564645,-0.0017392540235933174,0.017081897808455454
"[-0.015, 0.010000000000000005, 0.035, 0.010000000000000005, 0.010000000000000005, 0.17]",insertion,25781,70004793,0.0473538988092273,0.07505647952173256,0.046414607327420754,1.4286870870994692,-0.0002404052594310313,0.021173685885398877
"[-0.015, 0.010000000000000005, 0.035, 0.010000000000000005, 0.010000000000000005, 0.17]",insertion,25781,74004793,0.025800733335887505,0.05215493083758993,-1.4754941887095505,1.4330845846036464,0.00252497368414073,0.008789197519518191
"[-0.015, 0.010000000000000005, 0.035, 0.010000000000000005, 0.010000000000000005, 0.17]",insertion,25781,78004793,0.03612008906298125,0.061953264676315456,-1.4296550693442072,1.4319314325954133,0.004197086705284403,0.014208273151306197
"[-0.015, 0.010000000000000005, 0.035, 0.010000000000000005, 0.010000000000000005, 0.17]",insertion,25781,82004793,0.0296689007475458,0.058382846473280736,-0.2503058750490261,1.43127415024103,-0.002395597049894449,0.012057022239515089
"[-0.015, 0.010000000000000005, 0.035, 0.010000000000000005, 0.010000000000000005, 0.17]",insertion,25781,86004793,0.03126742617267109,0.060851065209002186,-0.15924276955086114,1.430983278131321,-0.002592229434957072,0.013430232352556401
"[-0.015, 0.010000000000000005, 0.035, 0.010000000000000005, 0.010000000000000005, 0.17]",insertion,25781,90004793,0.04986629267184106,0.07826949283061424,0.05129790866795858,1.428750913420687,-2.724161761313848e-05,0.023001540023193205
"[-0.015, 0.010000000000000005, 0.035, 0.010000000000000005, 0.010000000000000005, 0.17]",insertion,25781,94004793,0.04721993573254002,0.07555396875534903,0.17866260240602116,1.4290604997515044,-0.0009566949217927334,0.021435434872312024
"[-0.015, 0.010000000000000005, 0.035, 0.010000000000000005, 0.010000000000000005, 0.17]",insertion,25781,98004793,0.009513128162498774,0.031336499766833725,-1.2473991232578392,0.007720312873210622,-0.0005996893752259203,-0.002123457657649097
"[-0.015, 0.010000000000000005, 0.035, 0.010000000000000005, 0.010000000000000005, 0.17]",insertion,25781,102004793,0.012198602543784243,0.03921654951762221,-1.5507355274324048,1.4354244251911472,0.0003958876938706668,0.001527252502648943
"[-0.015, 0.010000000000000005, 0.035, 0.010000000000000005, 0.010000000000000005, 0.17]",insertion,25781,106004793,0.04093496525766255,0.0704101114828024,0.03261921832881853,1.4300653322533137,-0.00174277775624887,0.018601224245198666
"[-0.015, 0.010000000000000005, 0.035, 0.010000000000000005, 0.010000000000000005, 0.17]",insertion,25781,110004793,0.044183398509472616,0.07181940439684631,-0.07312824237561344,1.43015457187761,-0.0003313959800483879,0.019360474519848687
"[-0.015, 0.010000000000000005, 0.035, 0.010000000000000005, 0.010000000000000005, 0.17]",insertion,25781,114004793,0.04979586640339606,0.08090153447384729,1.4840538529754035,1.4275514277318897,-0.006457392158784936,0.02424059787026086
"[-0.015, 0.010000000000000005, 0.035, 0.010000000000000005, 0.010000000000000005, 0.17]",insertion,25781,118004793,0.04098013663348882,0.07046142650214193,0.09743763404028627,1.4302653300296493,-0.00207576470184323,0.018757979520388178
"[-0.015, 0.010000000000000005, 0.035, 0.010000000000000005, 0.010000000000000005, 0.17]",insertion,25781,122004793,0.03822254973486394,0.06524220950930726,-1.1792994175241631,1.4322606751954756,0.0031652604491371195,0.01610132051680893
"[-0.015, 0.010000000000000005, 0.035, 0.010000000000000005, 0.010000000000000005, 0.17]",insertion,25781,126004793,0.026722846771709385,0.053929101766854615,-1.2472404953355571,1.4337944374426361,0.0013906298494757996,0.009858621679488921
"[-0.015, 0.010000000000000005, 0.035, 0.010000000000000005, 0.010000000000000005, 0.17]",insertion,25781,130004793,0.048562078153321364,0.07959049976396848,1.6198747814041816,1.4279003572996576,-0.007308013735376817,0.023521648171248626
"[-0.015, 0.010000000000000005, 0.035, 0.010000000000000005, 0.010000000000000005, 0.17]",insertion,25781,134004793,0.0333577492119746,0.061645582840494484,-0.07715781923089082,1.4319104941510374,-0.0023881407341976857,0.013830821289430556
"[-0.015, 0.010000000000000005, 0.035, 0.010000000000000005, 0.010000000000000005, 0.17]",insertion,25781,138004793,0.03807266083157623,0.06700749431407438,-0.14548551144156718,1.4313807911531615,-0.0014753544744678937,0.016881077546770103
"[-0.015, 0.010000000000000005, 0.035, 0.010000000000000005, 0.010000000000000005, 0.17]",insertion,25781,142004793,0.05750044804300303,0.0873844874317129,1.335225993416266,1.4275340825834897,-0.004395181434280526,0.02792960390410667
"[-0.015, 0.010000000000000005, 0.035, 0.010000000000000005, 0.010000000000000005, 0.17]",insertion,25781,146004793,0.04664570902876508,0.07478427367624363,-0.11236275606345458,1.4306129517135509,8.390159636495476e-06,0.02124286053868342
"[-0.015, 0.010000000000000005, 0.035, 0.010000000000000005, 0.010000000000000005, 0.17]",insertion,25781,150004793,0.05762055005025418,0.08785961983263135,1.4708398908861788,1.4275331362732593,-0.005016449051227445,0.02822757449316026
"[-0.015, 0.010000000000000005, 0.035, 0.010000000000000005, 0.010000000000000005, 0.17]",insertion,25781,154004793,-0.002051563847565163,0.020213570351765853,-1.5522511091829365,0.01068241256655611,-0.001554352999901032,-0.00796085080143167
"[-0.015, 0.010000000000000005, 0.035, 0.010000000000000005, 0.010000000000000005, 0.17]",insertion,25781,158004793,0.027741477528337777,0.057746739380409196,-0.12323796897898731,1.4329855565185028,-0.0035613164365605465,0.011832721410875345
"[-0.015, 0.010000000000000005, 0.035, 0.010000000000000005, 0.010000000000000005, 0.17]",insertion,25781,162004793,0.04879733011951093,0.07788242046799354,0.07458443040303919,1.4304050161184407,-0.0006229230139200848,0.022896433204585988
"[-0.015, 0.010000000000000005, 0.035, 0.010000000000000005, 0.010000000000000005, 0.17]",insertion,25781,166004793,0.03988602826734167,0.06961259818245225,0.08046844524308838,1.4314802399032023,-0.0023884512026819404,0.018360423295445932
"[-0.015, 0.010000000000000005, 0.035, 0.010000000000000005, 0.010000000000000005, 0.17]",insertion,25781,170004793,0.05905246846318013,0.08994167438769551,1.608913875365662,1.4275798724871551,-0.00556319253795412,0.029275784352953686
"[-0.015, 0.010000000000000005, 0.035, 0.010000000000000005, 0.010000000000000005, 0.17]",insertion,25781,174004793,0.02706708590072876,0.05733595286815074,0.029312226753116732,1.4332357640243512,-0.004416186363509822,0.011557262480339503
"[-0.015, 0.010000000000000005, 0.035, 0.010000000000000005, 0.010000000000000005, 0.17]",insertion,25781,178004793,0.005583690124290164,0.027414810207718077,-1.372657687327429,0.010170670829179995,-0.0009310826572676012,-0.004033023010970561
"[-0.015, 0.010000000000000005, 0.035, 0.010000000000000005, 0.010000000000000005, 0.17]",insertion,25781,182004793,0.035413485295079705,0.0648528396007162,0.02121741950969991,1.4325146056278442,-0.0027800949252011486,0.015734252814562227
"[-0.015, 0.010000000000000005, 0.035, 0.010000000000000005, 0.010000000000000005, 0.17]",insertion,25781,186004793,0.04827937328731269,0.07955595029170581,1.4317302981769977,1.4293832647382854,-0.006808576601187388,0.02366634657483844
"[-0.015, 0.010000000000000005, 0.035, 0.010000000000000005, 0.010000000000000005, 0.17]",insertion,25781,190004793,0.03291503602294005,0.06165027723186789,-0.20080416448379523,1.4333432973508595,-0.0021584876117599627,0.014039070708809241
"[-0.015, 0.010000000000000005, 0.035, 0.010000000000000005, 0.010000000000000005, 0.17]",insertion,25781,194004793,0.006664250805810346,0.02895707788314006,-1.383457804638848,0.010366568105367513,-0.000789396427889999,-0.0029823084167554803
"[-0.015, 0.010000000000000005, 0.035, 0.010000000000000005, 0.010000000000000005, 0.17]",insertion,25781,198004793,0.035230377771611476,0.06454077743556574,0.013289735555037652,1.4329307073470225,-0.0028423942073962927,0.015723399426083043
"[-0.015, 0.010000000000000005, 0.035, 0.010000000000000005, 0.010000000000000005, 0.17]",insertion,25781,202004793,0.02906791551298199,0.057658294257830534,-1.2475465806666044,1.4350643974694288,0.0013690388784990404,0.012179592606125
"[-0.015, 0.010000000000000005, 0.035, 0.010000000000000005, 0.010000000000000005, 0.17]",insertion,25781,206004793,0.01593682642686184,0.03921575602851135,-0.11327256653394357,0.00812719697092823,-0.004736729705640874,0.002363014119383472
"[-0.015, 0.010000000000000005, 0.035, 0.010000000000000005, 0.010000000000000005, 0.17]",insertion,25781,210004793,0.04574213426887608,0.07468315606058873,-0.05607079780698143,1.4320327849495902,-0.0006760928303420899,0.02124206925511877
"[-0.015, 0.010000000000000005, 0.035, 0.010000000000000005, 0.010000000000000005, 0.17]",insertion,25781,214004793,0.014016954869560394,0.03531465509567511,-1.3977021841315214,0.01008329619866144,0.0006687009937206279,0.00046613505729216353
"[-0.015, 0.010000000000000005, 0.035, 0.010000000000000005, 0.010000000000000005, 0.17]",insertion,25781,218004793,0.0697500031337297,0.1030224075142172,3.0671386295285537,1.4256132425917438,-0.010311574939233625,0.036401081866752595
"[-0.015, 0.010000000000000005, 0.035, 0.010000000000000005, 0.010000000000000005, 0.17]",insertion,25781,222004793,0.01787470961519494,0.04693714246409719,-1.4215743460750865,1.4370246687841728,3.0251563109873203e-05,0.006262832320099998
"[-0.015, 0.010000000000000005, 0.035, 0.010000000000000005, 0.010000000000000005, 0.17]",insertion,25781,226004793,0.03655146578371549,0.06632409250783056,-0.00857883799019632,1.4333518933624918,-0.0027215519603365212,0.016675012050143267
"[-0.015, 0.010000000000000005, 0.035, 0.010000000000000005, 0.010000000000000005, 0.17]",insertion,25781,230004793,0.026270180007356203,0.054679069991658835,-1.387528942882728,1.4362382820143664,0.0014886638486384385,0.01052601498494636
"[-0.015, 0.010000000000000005, 0.035, 0.010000000000000005, 0.010000000000000005, 0.17]",insertion,25781,234004793,0.028189314298625034,0.056924094142267734,-1.2596234616252495,1.4358943322733153,0.001151906962144178,0.011804307935750234
"[-0.015, 0.010000000000000005, 0.035, 0.010000000000000005, 0.010000000000000005, 0.17]",insertion,25781,238004793,0.046841315414174134,0.07630369156244043,0.23671753721188793,1.4321282041352847,-0.0019788189080329754,0.022192749124257498
"[-0.015, 0.010000000000000005, 0.035, 0.010000000000000005, 0.010000000000000005, 0.17]",insertion,25781,242004793,0.04711976525272238,0.07888125520372569,1.5738206747505608,1.4305711873299916,-0.00788786589660373,0.02339097487186053
"[-0.015, 0.010000000000000005, 0.035, 0.010000000000000005, 0.010000000000000005, 0.17]",insertion,25781,246004793,0.023712121658679863,0.05190327514159421,-1.382046229960057,1.4369282572807203,0.001058972574550121,0.009016828264132797
"[-0.015, 0.010000000000000005, 0.035, 0.010000000000000005, 0.010000000000000005, 0.17]",insertion,25781,250004793,0.03404321480634798,0.06377374021517745,0.005594551065751574,1.4341806745293122,-0.0032156697308913795,0.015348612147400277
"[-0.015, 0.010000000000000005, 0.035, 0.010000000000000005, 0.010000000000000005, 0.17]",insertion,25781,254004793,0.03416072845257101,0.06377918691493001,-0.10413568879798518,1.4343868002146782,-0.0027283650826934736,0.01538705058910788
"[-0.015, 0.010000000000000005, 0.035, 0.010000000000000005, 0.010000000000000005, 0.17]",insertion,25781,258004793,0.03215797124834824,0.0615400192018587,-0.18863720505920867,1.4348672606121302,-0.002626753186805164,0.014180536125130025
"[-0.015, 0.010000000000000005, 0.035, 0.010000000000000005, 0.010000000000000005, 0.17]",insertion,25781,262004793,0.04770923116627479,0.0794139580758717,1.29372970295017,1.4312533899333575,-0.006650848878670956,0.023857213467533535
"[-0.015, 0.010000000000000005, 0.035, 0.010000000000000005, 0.010000000000000005, 0.17]",insertion,25781,266004793,0.02863424742618892,0.0595812853838833,-0.166211644843532,1.4352243087174412,-0.0037699787638246773,0.01323696070089466
"[-0.015, 0.010000000000000005, 0.035, 0.010000000000000005, 0.010000000000000005, 0.17]",insertion,25781,270004793,0.047522415351278324,0.07725387667545647,0.046003267010465976,1.432946866648952,-0.0011815599045476022,0.022889438665287497
"[-0.015, 0.010000000000000005, 0.035, 0.010000000000000005, 0.010000000000000005, 0.17]",insertion,25781,274004793,0.0362857183613946,0.06657627934107957,0.0487812210248002,1.4343497515271824,-0.003233324525644843,0.01699527312866904
"[-0.015, 0.010000000000000005, 0.035, 0.010000000000000005, 0.010000000000000005, 0.17]",insertion,25781,278004793,0.06867061448373202,0.1023443319342725,3.1004970078381113,1.4270018636148256,-0.010939060006132317,0.03609746466623177
"[-0.015, 0.010000000000000005, 0.035, 0.010000000000000005, 0.010000000000000005, 0.17]",insertion,25781,282004793,0.02521914849900936,0.05596124050114604,-0.12571817543230424,1.4360149984872328,-0.004499339481531139,0.011081280377203725
"[-0.015, 0.010000000000000005, 0.035, 0.010000000000000005, 0.010000000000000005, 0.17]",insertion,25781,286004793,0.03643687688013009,0.06705030582350702,-0.06572593488770195,1.4346844251354767,-0.0027610245849015724,0.017187872045825427
"[-0.015, 0.010000000000000005, 0.035, 0.010000000000000005, 0.010000000000000005, 0.17]",insertion,25781,290004793,0.025553622670364706,0.056499689129898556,-0.16366549283746679,1.4361792435643626,-0.004314818512959784,0.01146262212855359
"[-0.015, 0.010000000000000005, 0.035, 0.010000000000000005, 0.010000000000000005, 0.17]",insertion,25781,294004793,0.036726406131808775,0.06758349032397959,0.022412734179621197,1.4347175312577944,-0.003148324965393634,0.017573091466499942
"[-0.015, 0.010000000000000005, 0.035, 0.010000000000000005, 0.010000000000000005, 0.17]",insertion,25781,298004793,0.0421007822559909,0.07142401514437502,0.03243480841578972,1.4343628683646235,-0.0019784716825147486,0.019641256277251946
"[-0.015, 0.010000000000000005, 0.035, 0.010000000000000005, 0.010000000000000005, 0.17]",insertion,25781,302004793,0.05983458013376397,0.09228807791704341,1.7032519876853947,1.4301534468116839,-0.006553048877285694,0.030919862795126117
"[-0.015, 0.010000000000000005, 0.035, 0.010000000000000005, 0.010000000000000005, 0.17]",insertion,25781,306004793,0.037716376146695485,0.06840362948909728,0.1283578513965864,1.4347431065777663,-0.0035709281314294516,0.018061209993465936
"[-0.015, 0.010000000000000005, 0.035, 0.010000000000000005, 0.010000000000000005, 0.17]",insertion,25781,310004793,0.06816334853747757,0.1020335774034784,3.1526375681421754,1.4276948625706305,-0.011419293733113456,0.03600404044234836
"[-0.015, 0.010000000000000005, 0.035, 0.010000000000000005, 0.010000000000000005, 0.17]",insertion,25781,314004793,0.027188624919400828,0.05872071476667884,0.03393741082931356,1.436201909388972,-0.005098347251178081,0.012745905985508593
"[-0.015, 0.010000000000000005, 0.035, 0.010000000000000005, 0.010000000000000005, 0.17]",insertion,25781,318004793,-0.004017872901992681,0.020177761757006252,-1.371873424259828,0.014224472507719188,-0.0033572280875299176,-0.007489603107681396
"[-0.015, 0.010000000000000005, 0.035, 0.010000000000000005, 0.010000000000000005, 0.17]",insertion,25781,322004793,0.005849093767938518,0.03102717898997831,-0.10189937723695763,0.011723245419597683,-0.007207797448457676,-0.001738996769371906
"[-0.015, 0.010000000000000005, 0.035, 0.010000000000000005, 0.010000000000000005, 0.17]",insertion,25781,326004793,0.004435820674961011,0.02761061305739787,-1.449860476498685,0.013595052925371887,-0.001393465219704737,-0.0033723960641257253
"[-0.015, 0.010000000000000005, 0.035, 0.010000000000000005, 0.010000000000000005, 0.17]",insertion,25781,330004793,0.04437488111599175,0.07645995480039325,1.3642710723013778,1.43309807975994,-0.007754974565461814,0.022332234030818153
"[-0.015, 0.010000000000000005, 0.035, 0.010000000000000005, 0.010000000000000005, 0.17]",insertion,25781,334004793,0.012087552842299898,0.04140984127801062,-1.65810554962858,1.4405316298351352,-0.0001527698540906286,0.0035876429612675953
"[-0.015, 0.010000000000000005, 0.035, 0.010000000000000005, 0.010000000000000005, 0.17]",insertion,25781,338004793,0.03583905264215165,0.06674475900202737,-0.05120316883470366,1.4358779804754331,-0.0031421948032301916,0.017278344595965903
"[-0.015, 0.010000000000000005, 0.035, 0.010000000000000005, 0.010000000000000005, 0.17]",insertion,25781,342004793,0.048483170191202074,0.08108382406553005,1.396133844386501,1.4327443359986773,-0.007431208422810309,0.024924571333789648
"[-0.015, 0.010000000000000005, 0.035, 0.010000000000000005, 0.010000000000000005, 0.17]",insertion,25781,346004793,0.03337435484807438,0.06399802666060772,-0.09920546322185686,1.4364814994800184,-0.0032975787057889505,0.015717043728237762
"[-0.015, 0.010000000000000005, 0.035, 0.010000000000000005, 0.010000000000000005, 0.17]",insertion,25781,350004793,0.02473598920982284,0.05616719579498586,-0.185910671300892,1.437614828410135,-0.004607818577369249,0.011459644619433815
"[-0.015, 0.010000000000000005, 0.035, 0.010000000000000005, 0.010000000000000005, 0.17]",insertion,25781,354004793,0.02519310316140938,0.05500940821586475,-1.392224438056953,1.4390440340632558,0.0008208099513700162,0.011038248308344462
"[-0.015, 0.010000000000000005, 0.035, 0.010000000000000005, 0.010000000000000005, 0.17]",insertion,25781,358004793,0.0036331082070203413,0.02710761200367351,-1.3844326209388917,0.014360298717698283,-0.0019582483838206377,-0.003637402266492111
"[-0.015, 0.010000000000000005, 0.035, 0.010000000000000005, 0.010000000000000005, 0.17]",insertion,25781,362004793,0.05201437649017676,0.08356278008167273,1.4244836151104217,1.4329433391106043,-0.006667958166157728,0.026141632920254752
"[-0.015, 0.010000000000000005, 0.035, 0.010000000000000005, 0.010000000000000005, 0.17]",insertion,25781,366004793,0.05461390660988136,0.08666327247010308,1.4581009593137217,1.432599184901019,-0.0064936004086576515,0.02787831129000249
"[-0.015, 0.010000000000000005, 0.035, 0.010000000000000005, 0.010000000000000005, 0.17]",insertion,25781,370004793,0.026618791055617264,0.05632533789545491,-1.4325831852533106,1.43927249909045,0.0010965000881062448,0.011819114770008542
"[-0.015, 0.010000000000000005, 0.035, 0.010000000000000005, 0.010000000000000005, 0.17]",insertion,25781,374004793,0.05638615286713561,0.08890446985295952,1.6355700970593787,1.4323008948183356,-0.007090588699954381,0.029177933088380355
"[-0.015, 0.010000000000000005, 0.035, 0.010000000000000005, 0.010000000000000005, 0.17]",insertion,25781,378004793,0.04547694433267002,0.07615919890103484,0.2093198355056458,1.4353747517610866,-0.002724051433628305,0.022426778329083928
"[-0.015, 0.010000000000000005, 0.035, 0.010000000000000005, 0.010000000000000005, 0.17]",insertion,25781,383004793,0.004941919571327669,0.031119700545689355,0.12143962837538069,0.01287776841292354,-0.008625706298301394,-0.0015594713795618054
"[-0.015, 0.010000000000000005, 0.035, 0.010000000000000005, 0.010000000000000005, 0.17]",insertion,25781,386004793,0.0007276779902718467,0.023947843272720704,-1.4291581814768541,0.015436794680522725,-0.0022723179709376318,-0.0053013293632536915
"[-0.015, 0.010000000000000005, 0.035, 0.010000000000000005, 0.010000000000000005, 0.17]",insertion,25781,390004793,0.024382305925058412,0.056585211659546886,-0.03328072156040918,1.438299665487837,-0.005522753467584796,0.011771745059221357
"[-0.015, 0.010000000000000005, 0.035, 0.010000000000000005, 0.010000000000000005, 0.17]",insertion,25781,394004793,0.013620917199916593,0.04418729508789632,-1.4304314430242364,1.441306390804431,-0.0012462722323710596,0.005258244317137568
"[-0.015, 0.010000000000000005, 0.035, 0.010000000000000005, 0.010000000000000005, 0.17]",insertion,25781,398004793,0.02144068736996496,0.05072429594695471,-1.4274015454743996,1.4406009557800714,0.00027712088984144234,0.008824385826094225
"[-0.015, 0.010000000000000005, 0.035, 0.010000000000000005, 0.010000000000000005, 0.17]",insertion,25781,402004793,0.045261095140339325,0.0783676009678107,1.5005950903882983,1.43433801880995,-0.008624642578635489,0.0235205370276625
"[-0.015, 0.010000000000000005, 0.035, 0.010000000000000005, 0.010000000000000005, 0.17]",insertion,25781,407004793,0.002782724639413814,0.02642125900679204,-1.4222883888627535,0.01554829060101759,-0.0021121574820991418,-0.003805833815435214
"[-0.015, 0.010000000000000005, 0.035, 0.010000000000000005, 0.010000000000000005, 0.17]",insertion,25781,410004793,0.05647162280139273,0.08941492921446148,1.6478775314642853,1.4329955277341075,-0.00731012640804507,0.029555167886309026
"[-0.015, 0.010000000000000005, 0.035, 0.010000000000000005, 0.010000000000000005, 0.17]",insertion,25781,414004793,0.04740322955565979,0.0809527378531687,1.604408619489842,1.434148542833115,-0.008875761103895319,0.024945353183539958
"[-0.015, 0.010000000000000005, 0.035, 0.010000000000000005, 0.010000000000000005, 0.17]",insertion,25781,418004793,0.05818182298854968,0.09140707194804065,1.7131950282725548,1.4328279638736217,-0.007423647334067973,0.030619919153090973
"[-0.015, 0.010000000000000005, 0.035, 0.010000000000000005, 0.010000000000000005, 0.17]",insertion,25781,422004793,0.03377739791647283,0.06490473190011592,0.008854215389842324,1.4379121227364189,-0.004114008803159597,0.016365619289801445
"[-0.015, 0.010000000000000005, 0.035, 0.010000000000000005, 0.010000000000000005, 0.17]",insertion,25781,426004793,0.023714702934319876,0.05378389261565353,-1.3768680316857633,1.4407562278171713,0.00023161203312016543,0.010546725729452075
"[-0.015, 0.010000000000000005, 0.035, 0.010000000000000005, 0.010000000000000005, 0.17]",insertion,25781,430004793,0.03656324381893217,0.0689358545551162,0.2594442609951315,1.4373084534367604,-0.0048816076960281896,0.018638841824115904
"[-0.015, 0.010000000000000005, 0.035, 0.010000000000000005, 0.010000000000000005, 0.17]",insertion,25781,434004793,0.01223082254984742,0.04281482498173261,-1.3506816851368413,1.4422485232618938,-0.0019706060100029843,0.00457532396414731
"[-0.015, 0.010000000000000005, 0.035, 0.010000000000000005, 0.010000000000000005, 0.17]",insertion,25781,438004793,0.0315158293903145,0.06277960338084654,0.02455090410202132,1.4385153566547104,-0.004540787891614273,0.015233314359818631
"[-0.015, 0.010000000000000005, 0.035, 0.010000000000000005, 0.010000000000000005, 0.17]",insertion,25781,442004793,0.04489105820796402,0.07820346906623676,1.432909485174008,1.4352752343692443,-0.008568851489605733,0.023490336343345304
"[-0.015, 0.010000000000000005, 0.035, 0.010000000000000005, 0.010000000000000005, 0.17]",insertion,25781,446004793,0.045108269950399515,0.07623509482501767,0.07519551246696565,1.4369597714621418,-0.0024710027055173667,0.022665593560829776
"[-0.015, 0.010000000000000005, 0.035, 0.010000000000000005, 0.010000000000000005, 0.17]",insertion,25781,450004793,0.023307972870569738,0.05341975574196667,-1.3325304518167194,1.441269293108108,-0.00011859575202666228,0.01048029868036135
"[-0.015, 0.010000000000000005, 0.035, 0.010000000000000005, 0.010000000000000005, 0.17]",insertion,25781,454004793,0.03344409916411123,0.06492920715384543,0.04980929296083403,1.4385576956719068,-0.004474178066170009,0.01652771683607708
"[-0.015, 0.010000000000000005, 0.035, 0.010000000000000005, 0.010000000000000005, 0.17]",insertion,25781,458004793,0.03357811968146324,0.0650597108163069,-0.06340921106079023,1.4387543072164408,-0.003963543635765787,0.016590028383977384
"[-0.015, 0.010000000000000005, 0.035, 0.010000000000000005, 0.010000000000000005, 0.17]",insertion,25781,462004793,0.04479444186255954,0.07819499307660571,1.3751666124173028,1.4357890983438328,-0.008420148302573538,0.023556890953340702
"[-0.015, 0.010000000000000005, 0.035, 0.010000000000000005, 0.010000000000000005, 0.17]",insertion,25781,466004793,0.04242078600606153,0.07509230592972216,1.1732715796268174,1.4365028775423663,-0.007856154372512414,0.021857256703913135
"[-0.015, 0.010000000000000005, 0.035, 0.010000000000000005, 0.010000000000000005, 0.17]",insertion,25781,470004793,0.03475753079478472,0.06685611237615063,-0.12039099722932889,1.4388925323573218,-0.0035957720291851514,0.017640477482905904
"[-0.015, 0.010000000000000005, 0.035, 0.010000000000000005, 0.010000000000000005, 0.17]",insertion,25781,474004793,0.02556415168952092,0.05852554740414284,-0.07469627988242067,1.4399556725484968,-0.005570675859515317,0.013129547059844704
"[-0.015, 0.010000000000000005, 0.035, 0.010000000000000005, 0.010000000000000005, 0.17]",insertion,25781,478004793,0.05528604249232,0.08834377876066313,1.5049889726299028,1.4347966563155605,-0.007177716597263517,0.029086310438327094
"[-0.015, 0.010000000000000005, 0.035, 0.010000000000000005, 0.010000000000000005, 0.17]",insertion,25781,482004793,0.031151393242155656,0.06254618438003234,-0.14052280619165458,1.4397560797612137,-0.00406453207638513,0.015211598108868005
"[-0.015, 0.010000000000000005, 0.035, 0.010000000000000005, 0.010000000000000005, 0.17]",insertion,25781,486004793,0.02310592318452309,0.05372386567877463,-1.4751530101124857,1.4422561338020978,0.0003291344228791848,0.010654940131623526
"[-0.015, 0.010000000000000005, 0.035, 0.010000000000000005, 0.010000000000000005, 0.17]",insertion,25781,490004793,0.03127258883801737,0.06339271842657901,0.05665241247095665,1.4396366223401702,-0.004963375702387807,0.015679906767943556
"[-0.015, 0.010000000000000005, 0.035, 0.010000000000000005, 0.010000000000000005, 0.17]",insertion,25781,494004793,0.0017041956159955518,0.026607580520295215,-1.2441953893740099,0.017336996742990385,-0.00345230880946068,-0.003529044273242146
"[-0.015, 0.010000000000000005, 0.035, 0.010000000000000005, 0.010000000000000005, 0.17]",insertion,25781,498004793,0.04998620427659295,0.08258947943235562,1.5262817282851877,1.4359779508278105,-0.008090420357779626,0.02585417095858942
"[-0.015, 0.010000000000000005, 0.035, 0.010000000000000005, 0.010000000000000005, 0.17]",insertion,25781,502004793,0.06584654428636827,0.10105944098378394,3.0497174677943413,1.4322108800578661,-0.012329236129258958,0.03577055904221762
"[-0.015, 0.010000000000000005, 0.035, 0.010000000000000005, 0.010000000000000005, 0.17]",insertion,25781,506004793,0.03296587376952709,0.06466814001921684,-0.13477334862854207,1.4400032831798775,-0.0039747742978917255,0.016439772360324643
"[-0.015, 0.010000000000000005, 0.035, 0.010000000000000005, 0.010000000000000005, 0.17]",insertion,25781,510004793,0.04203273620138498,0.07317675841374793,-0.05898757807848298,1.438986313174773,-0.002593087322883436,0.021120749982307806
"[-0.015, 0.010000000000000005, 0.035, 0.010000000000000005, 0.010000000000000005, 0.17]",insertion,25781,514004793,0.0202045973056047,0.050334764727894665,-1.5464111251807928,1.4434052441126077,0.00014291262341936672,0.008951820289463307
"[-0.015, 0.010000000000000005, 0.035, 0.010000000000000005, 0.010000000000000005, 0.17]",insertion,25781,518004793,0.03539796514997712,0.06795633603949014,0.034789624460184854,1.439691733755126,-0.004457493559615444,0.018392407321721427
"[-0.015, 0.010000000000000005, 0.035, 0.010000000000000005, 0.010000000000000005, 0.17]",insertion,25781,522004793,0.04608460426524491,0.08055310646375702,1.5649435352487266,1.4366904226356898,-0.009421095427822546,0.024996246518781094
"[-0.015, 0.010000000000000005, 0.035, 0.010000000000000005, 0.010000000000000005, 0.17]",insertion,25781,526004793,0.03069045454268282,0.06280132416190298,0.010819956121704166,1.4405753915722395,-0.00501634558369024,0.015461404081843155
"[-0.015, 0.010000000000000005, 0.035, 0.010000000000000005, 0.010000000000000005, 0.17]",insertion,25781,530004793,0.054501092619322344,0.08808008200895046,1.5617338828085572,1.43595533350563,-0.007816529984874698,0.028996629077994628
"[-0.015, 0.010000000000000005, 0.035, 0.010000000000000005, 0.010000000000000005, 0.17]",insertion,25781,534004793,0.030408427137892657,0.06230487725516909,-0.103498901819286,1.4409363731900422,-0.0045859450935437085,0.015174207536848533
"[-0.015, 0.010000000000000005, 0.035, 0.010000000000000005, 0.010000000000000005, 0.17]",insertion,25781,538004793,0.04407799345656127,0.07860173909331536,1.4615979274312458,1.4374210638642402,-0.009304844790465672,0.02387210384644945
"[-0.015, 0.010000000000000005, 0.035, 0.010000000000000005, 0.010000000000000005, 0.17]",insertion,25781,542004793,0.041422450883286166,0.07526223673306731,1.3427231545846041,1.438072563204162,-0.009147389573229137,0.022036706527722758
"[-0.015, 0.010000000000000005, 0.035, 0.010000000000000005, 0.010000000000000005, 0.17]",insertion,25781,546004793,0.0546425842917872,0.0881644304711493,1.4153911711370348,1.4364722283818343,-0.007221424576916435,0.029100587804739626
"[-0.015, 0.010000000000000005, 0.035, 0.010000000000000005, 0.010000000000000005, 0.17]",insertion,25781,550004793,0.0015104748047285455,0.026672985260022486,-1.4611345524849924,0.01886914331687639,-0.002751373586830419,-0.003260895822948938
"[-0.015, 0.010000000000000005, 0.035, 0.010000000000000005, 0.010000000000000005, 0.17]",insertion,25781,554004793,0.030642591598616487,0.0630709379053549,-0.04442972972814019,1.4412584286552692,-0.00490644739588153,0.01570417805868663
"[-0.015, 0.010000000000000005, 0.035, 0.010000000000000005, 0.010000000000000005, 0.17]",insertion,25781,558004793,0.03238766152785194,0.0647174773568846,-0.12566642296228636,1.4412174589976596,-0.004339954080736619,0.016620938824422088
"[-0.015, 0.010000000000000005, 0.035, 0.010000000000000005, 0.010000000000000005, 0.17]",insertion,25781,562004793,0.0015192431797740324,0.026712624291906906,-1.5555952877532846,0.019264386098598374,-0.002381825597748688,-0.003206986227977583
"[-0.015, 0.010000000000000005, 0.035, 0.010000000000000005, 0.010000000000000005, 0.17]",insertion,25781,566004793,0.060547067888376604,0.09501885906196428,2.6988977428709227,1.4348777724228874,-0.011811638297525184,0.03262910655908582
"[-0.015, 0.010000000000000005, 0.035, 0.010000000000000005, 0.010000000000000005, 0.17]",insertion,25781,570004793,0.02205140164868602,0.05522913357545889,-0.39037292468328033,1.4429941605343737,-0.005088839994069172,0.011508492799479506
"[-0.015, 0.010000000000000005, 0.035, 0.010000000000000005, 0.010000000000000005, 0.17]",insertion,25781,574004793,0.011419970189542883,0.04335123434623256,-1.7784662230198833,1.445970290719297,-0.0007684699695078567,0.005297262741254173
"[-0.015, 0.010000000000000005, 0.035, 0.010000000000000005, 0.010000000000000005, 0.17]",insertion,25781,578004793,0.030326593372050015,0.06274837980713066,-0.2566404153024031,1.4421612396269006,-0.004117336888191603,0.015593555576051472
"[-0.015, 0.010000000000000005, 0.035, 0.010000000000000005, 0.010000000000000005, 0.17]",insertion,25781,582004793,0.03261554214353263,0.06559244597633729,-0.15191848042534062,1.4417869043689273,-0.004313696305093817,0.017143071558306043
"[-0.015, 0.010000000000000005, 0.035, 0.010000000000000005, 0.010000000000000005, 0.17]",insertion,25781,586004793,0.043094502644218324,0.07762419033685042,1.3166010743211096,1.4389227801301328,-0.009066813815900243,0.02343641373430675
"[-0.015, 0.010000000000000005, 0.035, 0.010000000000000005, 0.010000000000000005, 0.17]",insertion,25781,590004793,0.021909912262140674,0.05381359810716013,-1.426626303772391,1.4447215491774597,-0.0005483741659978447,0.010905204931279493
"[-0.015, 0.010000000000000005, 0.035, 0.010000000000000005, 0.010000000000000005, 0.17]",insertion,25781,594004793,0.031576064913083735,0.06455955838362826,-0.012485079002185984,1.4420636438881187,-0.0051707348017281385,0.016502964616646874
"[-0.015, 0.010000000000000005, 0.035, 0.010000000000000005, 0.010000000000000005, 0.17]",insertion,25781,598004793,0.04071034809809265,0.07324844220085147,0.1339162460649952,1.4409407024301308,-0.00411172960563011,0.021179469924020693
"[-0.015, 0.010000000000000005, 0.035, 0.010000000000000005, 0.010000000000000005, 0.17]",insertion,25781,602004793,0.05317863081573243,0.08757445151856125,1.6431170595981115,1.4377148310540941,-0.008777385488645484,0.028755550897024217
"[-0.015, 0.010000000000000005, 0.035, 0.010000000000000005, 0.010000000000000005, 0.17]",insertion,25781,606004793,0.03158342729103952,0.064867410766702,0.0751827421798481,1.4421972902357032,-0.005625264875443681,0.016679441666331923
"[-0.015, 0.010000000000000005, 0.035, 0.010000000000000005, 0.010000000000000005, 0.17]",insertion,25781,610004793,0.021034212287952714,0.052857245602323744,-1.3340812043824108,1.4451845286244862,-0.0011908271443900054,0.01042917536025105
"[-0.015, 0.010000000000000005, 0.035, 0.010000000000000005, 0.010000000000000005, 0.17]",insertion,25781,614004793,0.03782720045675958,0.06994846669713795,0.16135980058233557,1.4416807701281646,-0.00469278597445133,0.019459797809547555
"[-0.015, 0.010000000000000005, 0.035, 0.010000000000000005, 0.010000000000000005, 0.17]",insertion,25781,618004793,0.02293701329365594,0.05998684448429792,1.4851206038490012,1.4416299683682428,-0.013705156268796093,0.013959475338156564
"[-0.015, 0.010000000000000005, 0.035, 0.010000000000000005, 0.010000000000000005, 0.17]",insertion,25781,622004793,0.03198228483615406,0.06552711129493893,0.08183053477805657,1.4424429168285902,-0.00566509288230943,0.01716271638123977
"[-0.015, 0.010000000000000005, 0.035, 0.010000000000000005, 0.010000000000000005, 0.17]",insertion,25781,626004793,0.00260326270590322,0.029076203075280915,-1.2060653909493375,0.020107944796913024,-0.004141485077910234,-0.0017248406071234956
"[-0.015, 0.010000000000000005, 0.035, 0.010000000000000005, 0.010000000000000005, 0.17]",insertion,25781,630004793,0.03147340884731087,0.06528391966849156,0.2668790136213808,1.44244158931952,-0.0065987769155944065,0.01706296804624849
"[-0.015, 0.010000000000000005, 0.035, 0.010000000000000005, 0.010000000000000005, 0.17]",insertion,25781,635004793,0.022999015227009312,0.052488085949514485,1.691416902361869,0.014447247178530853,-0.013545930563905295,0.010491306851138985
"[-0.015, 0.010000000000000005, 0.035, 0.010000000000000005, 0.010000000000000005, 0.17]",insertion,25781,638004793,0.03311703897993323,0.06687504424179735,0.23764424925790095,1.4424024552819585,-0.006301812435040577,0.01791144939454449
"[-0.015, 0.010000000000000005, 0.035, 0.010000000000000005, 0.010000000000000005, 0.17]",insertion,25781,642004793,0.022789944824048336,0.05796107232138148,0.2726504450281233,1.4435533882474343,-0.00834913704884166,0.013086684437550067
"[-0.015, 0.010000000000000005, 0.035, 0.010000000000000005, 0.010000000000000005, 0.17]",insertion,25781,646004793,0.02851831659542292,0.06408569159484578,1.4433329786590754,1.4417461924626471,-0.0123915238304797,0.0161294722899048
"[-0.015, 0.010000000000000005, 0.035, 0.010000000000000005, 0.010000000000000005, 0.17]",insertion,25781,651004793,0.03260282246043972,0.06121494029449792,1.4910111598300197,0.013906453561167487,-0.010905939010722232,0.015250274596976365
"[-0.015, 0.010000000000000005, 0.035, 0.010000000000000005, 0.010000000000000005, 0.17]",insertion,25781,654004793,0.011330432539784052,0.037056117282942225,-1.1731897830625861,0.019654995861445146,-0.0027167400490235583,0.002658000582988901
"[-0.015, 0.010000000000000005, 0.035, 0.010000000000000005, 0.010000000000000005, 0.17]",insertion,25781,658004793,0.039515865602048894,0.07447196209005469,1.5659788583647298,1.4405780198125295,-0.01101705103808348,0.02188576732224609
"[-0.015, 0.010000000000000005, 0.035, 0.010000000000000005, 0.010000000000000005, 0.17]",insertion,25781,662004793,0.03136374959573662,0.0652424412500121,0.13647011446195378,1.4432252519532436,-0.006158096323323647,0.017106480723537973
"[-0.015, 0.010000000000000005, 0.035, 0.010000000000000005, 0.010000000000000005, 0.17]",insertion,25781,666004793,0.030986522584427578,0.06463851705937351,0.10569173803890308,1.4434139670925001,-0.006093398660064309,0.016780692703261914
"[-0.015, 0.010000000000000005, 0.035, 0.010000000000000005, 0.010000000000000005, 0.17]",insertion,25781,670004793,0.009137814416446566,0.04156931925553842,-1.5655629341747783,1.4480644351524072,-0.002476054156404728,0.0045144593653408185
"[-0.015, 0.010000000000000005, 0.035, 0.010000000000000005, 0.010000000000000005, 0.17]",insertion,25781,674004793,0.05289784700284017,0.08761528815605324,1.5462309047040286,1.4392891342490746,-0.008707292209375939,0.02903423364998458
"[-0.015, 0.010000000000000005, 0.035, 0.010000000000000005, 0.010000000000000005, 0.17]",insertion,25781,678004793,0.03293355603855119,0.06882414738496934,1.2854636919909517,1.4419800161277496,-0.011246950100684328,0.018909194030626596
"[-0.015, 0.010000000000000005, 0.035, 0.010000000000000005, 0.010000000000000005, 0.17]",insertion,25781,682004793,0.04470755688789885,0.08082446089420614,1.4769098353381231,1.440383664179974,-0.010029973839285278,0.02540640694768439
"[-0.015, 0.010000000000000005, 0.035, 0.010000000000000005, 0.010000000000000005, 0.17]",insertion,25781,686004793,0.05261577058610101,0.08714738445159576,1.50293360466949,1.4396752765852943,-0.00861899305318492,0.028792587377297195
"[-0.015, 0.010000000000000005, 0.035, 0.010000000000000005, 0.010000000000000005, 0.17]",insertion,25781,690004793,0.022542170566425213,0.05792064031362365,0.08334407137353494,1.4448157337649437,-0.007733002816799339,0.013216970511451286
"[-0.015, 0.010000000000000005, 0.035, 0.010000000000000005, 0.010000000000000005, 0.17]",insertion,25781,694004793,0.030627636048736195,0.06455672464698381,0.06983784520043557,1.4441059150476936,-0.006113953393874105,0.01675113973784558
"[-0.015, 0.010000000000000005, 0.035, 0.010000000000000005, 0.010000000000000005, 0.17]",insertion,25781,698004793,0.017829476419942203,0.05014515436982947,-1.3504524953220702,1.4474304841653334,-0.0018971583590527974,0.00914233146261504
"[-0.015, 0.010000000000000005, 0.035, 0.010000000000000005, 0.010000000000000005, 0.17]",insertion,25781,702004793,0.032319151281819336,0.06882727042136949,1.424235602290242,1.4423743512421519,-0.01207927284017074,0.018887383140576697
"[-0.015, 0.010000000000000005, 0.035, 0.010000000000000005, 0.010000000000000005, 0.17]",insertion,25781,706004793,0.019881638391898493,0.0544379835319333,-0.20877325667960278,1.4459316112301244,-0.006845069158541883,0.011317917358519877
"[-0.015, 0.010000000000000005, 0.035, 0.010000000000000005, 0.010000000000000005, 0.17]",insertion,25781,710004793,0.02867091263612459,0.06210787993205891,-0.24743259757600455,1.4451356885246134,-0.004995876156111079,0.015497026134857504
"[-0.015, 0.010000000000000005, 0.035, 0.010000000000000005, 0.010000000000000005, 0.17]",insertion,25781,714004793,8.383073442613798e-05,0.026932447370089818,-1.5151468850514398,0.022667507519660512,-0.003428606274916479,-0.0026329693901488913
"[-0.015, 0.010000000000000005, 0.035, 0.010000000000000005, 0.010000000000000005, 0.17]",insertion,25781,718004793,0.01740586675635991,0.05389516540646788,1.0391420920494774,1.4450892919492135,-0.012894751203544774,0.010938709948073076
"[-0.015, 0.010000000000000005, 0.035, 0.010000000000000005, 0.010000000000000005, 0.17]",insertion,25781,722004793,-0.0025011419622789077,0.02368958503761931,-1.8121485576435497,0.023633376265308703,-0.002458912012298531,-0.004407312766076331
"[-0.015, 0.010000000000000005, 0.035, 0.010000000000000005, 0.010000000000000005, 0.17]",insertion,25781,726004793,0.03501559654926123,0.069191678343131,0.8478083122570403,1.443654696429567,-0.008690747657718156,0.01915924948845109
"[-0.015, 0.010000000000000005, 0.035, 0.010000000000000005, 0.010000000000000005, 0.17]",insertion,25781,730004793,-0.002540879331488166,0.023864635584619265,-1.8218182322746834,0.02387108556205586,-0.0024614349304686867,-0.004280892642046591
"[-0.015, 0.010000000000000005, 0.035, 0.010000000000000005, 0.010000000000000005, 0.17]",insertion,25781,734004793,0.041975566210500415,0.07795041658091151,1.217423535764695,1.4423568066411248,-0.009504003111667658,0.023964248317553345
"[-0.015, 0.010000000000000005, 0.035, 0.010000000000000005, 0.010000000000000005, 0.17]",insertion,25781,738004793,0.030555464828008805,0.06476904520492077,-0.20554787169545818,1.4455424846608191,-0.005105056417029297,0.01697820713347442
"[-0.015, 0.010000000000000005, 0.035, 0.010000000000000005, 0.010000000000000005, 0.17]",insertion,25781,742004793,0.011078089985820438,0.04535520200295551,-1.5314134320688702,1.4493810788317132,-0.002716567791646307,0.006688043904425789
"[-0.015, 0.010000000000000005, 0.035, 0.010000000000000005, 0.010000000000000005, 0.17]",insertion,25781,746004793,0.03592732031464296,0.06848922167695903,-0.19566451847659394,1.4453114486504839,-0.0039872559291848075,0.01882299050683251
"[-0.015, 0.010000000000000005, 0.035, 0.010000000000000005, 0.010000000000000005, 0.17]",insertion,25781,750004793,0.030291396860492537,0.0650257019700966,-0.11167283029278963,1.4457250296431876,-0.005644494436064407,0.017031851400374443
"[-0.015, 0.010000000000000005, 0.035, 0.010000000000000005, 0.010000000000000005, 0.17]",insertion,25781,754004793,0.01908772715304541,0.05445119013030819,-0.19562388195056357,1.447238570020993,-0.007292787386890542,0.011350728666577381
"[-0.015, 0.010000000000000005, 0.035, 0.010000000000000005, 0.010000000000000005, 0.17]",insertion,25781,758004793,-0.012196183212301148,0.015856280369709097,-1.6350626622528388,0.025403898096909794,-0.005297760424388898,-0.008648755491771284
"[-0.015, 0.010000000000000005, 0.035, 0.010000000000000005, 0.010000000000000005, 0.17]",insertion,25781,762004793,0.041099640238175694,0.07746030740624477,1.3525079301908107,1.4430053132511018,-0.010425705067465318,0.02363747162910213
"[-0.015, 0.010000000000000005, 0.035, 0.010000000000000005, 0.010000000000000005, 0.17]",insertion,25781,767004793,0.021562845716757262,0.05788272872994682,0.014419904051795385,1.4469223568926046,-0.007982640026609533,0.013360669702116225
"[-0.015, 0.010000000000000005, 0.035, 0.010000000000000005, 0.010000000000000005, 0.17]",insertion,25781,770004793,-0.0017653800428569788,0.025425239556421175,-1.3774635182574535,0.024221164925136263,-0.004645341555030713,-0.003398763645605672
"[-0.015, 0.010000000000000005, 0.035, 0.010000000000000005, 0.010000000000000005, 0.17]",insertion,25781,774004793,0.029725273034812927,0.06491457318541904,0.14147267148364406,1.4460610627182104,-0.006998718373089741,0.017102130188669788
"[-0.015, 0.010000000000000005, 0.035, 0.010000000000000005, 0.010000000000000005, 0.17]",insertion,25781,778004793,-0.015268223873089792,0.01476082217796204,-0.2879373478921359,0.02468808308401438,-0.011951610959755499,-0.009406152981107654
"[-0.015, 0.010000000000000005, 0.035, 0.010000000000000005, 0.010000000000000005, 0.17]",insertion,25781,782004793,0.04067562407699932,0.07669577021656693,1.19990822971479,1.443731330798066,-0.009906102859343235,0.023257933168391247
"[-0.015, 0.010000000000000005, 0.035, 0.010000000000000005, 0.010000000000000005, 0.17]",insertion,25781,787004793,0.01264317720066599,0.04025535977713446,-1.361813522900718,0.02278396836849561,-0.0023446856929926208,0.004728412879610816
"[-0.015, 0.010000000000000005, 0.035, 0.010000000000000005, 0.010000000000000005, 0.17]",insertion,25781,791004793,0.03282702019770217,0.0678451612576616,4.227532827505751,0.013774301706168668,-0.024147752214861762,0.018793034488492955
"[-0.015, 0.010000000000000005, 0.035, 0.010000000000000005, 0.010000000000000005, 0.17]",insertion,25781,794004793,-0.0019833697184966637,0.02446543024998782,-1.8978467140002913,0.025516991288911273,-0.0024206772184108827,-0.00386197767501064
"[-0.015, 0.010000000000000005, 0.035, 0.010000000000000005, 0.010000000000000005, 0.17]",insertion,25781,798004793,0.036514083483684456,0.07220685781123493,0.9107773992444699,1.445085073777623,-0.009203895466500356,0.020879625315622603
"[-0.015, 0.010000000000000005, 0.035, 0.010000000000000005, 0.010000000000000005, 0.17]",insertion,25781,802004793,-0.002231871400747043,0.0330518906867141,-1.9701027424502087,1.4529772841415023,-0.0032802781748224596,0.00027444250123076497
"[-0.015, 0.010000000000000005, 0.035, 0.010000000000000005, 0.010000000000000005, 0.17]",insertion,25781,806004793,0.01851413284304959,0.051122146647848865,-1.9976098474783903,1.4508665320571397,0.0005789425906183032,0.009985167914158426
"[-0.015, 0.010000000000000005, 0.035, 0.010000000000000005, 0.010000000000000005, 0.17]",insertion,25781,810004793,0.02732685391816919,0.06164327440714423,-0.5134268082779663,1.448201536602542,-0.004530614581575776,0.015425073857529857
"[-0.015, 0.010000000000000005, 0.035, 0.010000000000000005, 0.010000000000000005, 0.17]",insertion,25781,814004793,0.02961207596767812,0.0644547027067226,-0.43433400268869704,1.4478762674480592,-0.00462171942947065,0.016939157582613475
"[-0.015, 0.010000000000000005, 0.035, 0.010000000000000005, 0.010000000000000005, 0.17]",insertion,25781,818004793,0.029367825273144132,0.06433408729918177,-0.38243339725464054,1.4479616979066878,-0.004924098922751363,0.01683646585562522
"[-0.015, 0.010000000000000005, 0.035, 0.010000000000000005, 0.010000000000000005, 0.17]",insertion,25781,822004793,8.713614839666628,-0.2575432821914436,31.179957985426505,-0.6208229315336282,1.002657199217455,0.09052441360346827
"[-0.015, 0.010000000000000005, 0.035, 0.010000000000000005, 0.010000000000000005, 0.17]",insertion,25781,826004793,5.714861593640448,-0.11527677302226458,71.57590999556562,0.07869571046509471,0.5469517546812769,0.2037195746900578
"[-0.015, 0.010000000000000005, 0.035, 0.010000000000000005, 0.010000000000000005, 0.17]",insertion,25781,830004793,-6.207197249368432,-1.553838068274695,110.0263906502325,-1.2753964282934123,-1.0754463308455118,-0.014763188020234835
"[-0.015, 0.010000000000000005, 0.035, 0.010000000000000005, 0.010000000000000005, 0.17]",insertion,25781,834004793,-5.5012192399348425,-3.2655280116920498,105.04383434268094,-1.4451104674268904,-0.9369311018432428,-0.14322734409883614
"[-0.015, 0.010000000000000005, 0.035, 0.010000000000000005, 0.010000000000000005, 0.17]",insertion,25781,838004793,-5.206859112426598,-3.872422576664606,107.20126023900036,0.24990649233425644,-0.8700795765364203,-0.10691203659410131
"[-0.015, 0.010000000000000005, 0.035, 0.010000000000000005, 0.010000000000000005, 0.17]",insertion,25781,842004793,-4.885383695464828,-4.861289742496757,107.0115588628176,-1.0507360903055012,-0.7888914557686527,-0.10868521384195576
"[-0.015, 0.010000000000000005, 0.035, 0.010000000000000005, 0.010000000000000005, 0.17]",insertion,25781,846004793,-4.676020142100343,-5.248562945536106,108.15337540127646,0.491787909252006,-0.747868840835861,-0.07938619855827272
"[-0.015, 0.010000000000000005, 0.035, 0.010000000000000005, 0.010000000000000005, 0.17]",insertion,25781,850004793,-4.4620771460529145,-5.749737028843958,108.97549641672249,0.6000175306095017,-0.7040802532026668,-0.0668511728690772
"[-0.015, 0.010000000000000005, 0.035, 0.010000000000000005, 0.010000000000000005, 0.17]",insertion,25781,854004793,-4.281150755116057,-6.169909471456355,109.63304062294625,0.6937517423480208,-0.6677033704183851,-0.05646355321736143
"[-0.015, 0.010000000000000005, 0.035, 0.010000000000000005, 0.010000000000000005, 0.17]",insertion,25781,858004793,-4.168386260160458,-6.628003911134082,109.340188332246,-0.6393341947117195,-0.6508377827686159,-0.06527005831818491
"[-0.015, 0.010000000000000005, 0.035, 0.010000000000000005, 0.010000000000000005, 0.17]",insertion,25781,862004793,-9.97143940943352,-6.757237687613058,97.72579899704526,1.081661332442831,-1.3351762444889657,-0.08599594667884715
"[-0.015, 0.010000000000000005, 0.035, 0.010000000000000005, 0.010000000000000005, 0.17]",insertion,25781,866004793,-16.80311333115739,-7.027298648291191,78.62048288431548,1.3387848082012468,-2.206180777562514,-0.27786273597664257
"[-0.015, 0.010000000000000005, 0.035, 0.010000000000000005, 0.010000000000000005, 0.17]",insertion,25781,871004793,-16.49942050607767,-7.084416775554329,63.917099328323715,0.26268025827791897,-2.056125247814805,-0.3213931156182144
"[-0.015, 0.010000000000000005, 0.035, 0.010000000000000005, 0.010000000000000005, 0.17]",insertion,25781,874004793,-15.273238417574397,-7.021342652233111,60.22621259054593,1.7769989788431788,-1.8760207080305236,-0.26619615933047003
"[-0.015, 0.010000000000000005, 0.035, 0.010000000000000005, 0.010000000000000005, 0.17]",insertion,25781,878004793,-13.656161368112734,-6.99128950659407,57.6660306263084,1.8283667420704264,-1.678092635555135,-0.21552144948674803
"[-0.015, 0.010000000000000005, 0.035, 0.010000000000000005, 0.010000000000000005, 0.17]",insertion,25781,882004793,-11.638112089939494,-6.985759637608625,53.82979050413009,1.9043009102945754,-1.4225179321114116,-0.16374631812954402
"[-0.015, 0.010000000000000005, 0.035, 0.010000000000000005, 0.010000000000000005, 0.17]",insertion,25781,886004793,-10.72240749915007,-7.012247695241692,51.879779802554125,0.5173868592242862,-1.305214284673541,-0.15615917651804656
"[-0.015, 0.010000000000000005, 0.035, 0.010000000000000005, 0.010000000000000005, 0.17]",insertion,25781,890004793,-9.788289428658194,-6.985558495153482,49.93446020190164,1.9806018308626117,-1.185634771358823,-0.12268580816184482
"[-0.015, 0.010000000000000005, 0.035, 0.010000000000000005, 0.010000000000000005, 0.17]",insertion,25781,894004793,-9.98031430576545,-6.975354760614779,38.8424825142031,2.2028949878579187,-1.1649212591009501,-0.1279351693886844
"[-0.015, 0.010000000000000005, 0.035, 0.010000000000000005, 0.010000000000000005, 0.17]",insertion,25781,898004793,-8.64679712178474,-6.990821090199587,34.738588664308836,0.8513457689756657,-0.9894790236209067,-0.11390084818383972
"[-0.015, 0.010000000000000005, 0.035, 0.010000000000000005, 0.010000000000000005, 0.17]",insertion,25781,902004793,-7.86749894997412,-6.954065981803103,32.38717570776596,2.313763524642752,-0.8869655946208058,-0.08375026138155095
"[-0.015, 0.010000000000000005, 0.035, 0.010000000000000005, 0.010000000000000005, 0.17]",insertion,25781,906004793,-6.917951971563468,-6.936097938457033,29.327986685607215,2.3673547769965344,-0.7605454091058218,-0.06341011002241971
"[-0.015, 0.010000000000000005, 0.035, 0.010000000000000005, 0.010000000000000005, 0.17]",insertion,25781,910004793,-5.884531404073827,-6.930532268328152,25.577139132083495,1.0101439966421126,-0.6220414446887071,-0.05586884749875013
"[-0.015, 0.010000000000000005, 0.035, 0.010000000000000005, 0.010000000000000005, 0.17]",insertion,25781,915004793,-5.186167755822028,-6.894541149353715,22.655830034791503,1.061176628744903,-0.5276100181250861,-0.04194872259275178
"[-0.015, 0.010000000000000005, 0.035, 0.010000000000000005, 0.010000000000000005, 0.17]",insertion,25781,918004793,-4.757699745750575,-6.834162809652673,20.551520925722517,2.5204614959024747,-0.4691945544224875,-0.02024272371006964
"[-0.015, 0.010000000000000005, 0.035, 0.010000000000000005, 0.010000000000000005, 0.17]",insertion,25781,922004793,-4.409466320714589,-6.777018002342286,17.99103429473194,2.558150638198482,-0.4197802326309289,-0.01331559387228104
"[-0.015, 0.010000000000000005, 0.035, 0.010000000000000005, 0.010000000000000005, 0.17]",insertion,25781,926004793,-4.298192088655978,-6.705073582816224,15.968406125909919,2.5818229206358447,-0.4021973722754598,-0.011434380524193714
"[-0.015, 0.010000000000000005, 0.035, 0.010000000000000005, 0.010000000000000005, 0.17]",insertion,25781,930004793,-0.7173573462060202,-6.687766329930815,34.94127763312717,2.23035959482526,-0.035367490653422595,0.06113195398149012
"[-0.015, 0.010000000000000005, 0.035, 0.010000000000000005, 0.010000000000000005, 0.17]",insertion,25781,934004793,-0.5387842078209895,-6.651252965965574,31.67141808444411,1.9563423793434924,-0.394608881992382,0.008104239640602834
"[-0.015, 0.010000000000000005, 0.035, 0.010000000000000005, 0.010000000000000005, 0.17]",insertion,25781,938004793,-4.812068112616365,-6.440076844909049,12.857013959282316,2.606592391256067,-0.46897770948106643,-0.020218081376261986
"[-0.015, 0.010000000000000005, 0.035, 0.010000000000000005, 0.010000000000000005, 0.17]",insertion,25781,942004793,-4.412410576839733,-6.405587087186587,14.055256465182751,2.5703102102784157,-0.422079064942242,-0.020710503427624226
"[-0.015, 0.010000000000000005, 0.035, 0.010000000000000005, 0.010000000000000005, 0.17]",insertion,25781,946004793,-4.28414976567734,-6.322601295706464,13.553088565960831,2.5496971319218034,-0.40484300263883133,-0.01659819571638073
"[-0.015, 0.010000000000000005, 0.035, 0.010000000000000005, 0.010000000000000005, 0.17]",insertion,25781,950004793,-4.282726987382386,-6.194744270020278,12.932871152491082,2.534775784826132,-0.4079038752543559,-0.0168999857752724
"[-0.015, 0.010000000000000005, 0.035, 0.010000000000000005, 0.010000000000000005, 0.17]",insertion,25781,954004793,-4.273579925357433,-6.152870557602425,12.78436475931311,2.528765074664373,-0.4077872825731895,-0.016992180775746716
"[-0.015, 0.010000000000000005, 0.035, 0.010000000000000005, 0.010000000000000005, 0.17]",insertion,25781,958004793,-4.247737905267846,-6.069582749605642,12.499965001490153,2.5161887383765693,-0.40640515102337205,-0.017043294508313232
"[-0.015, 0.010000000000000005, 0.035, 0.010000000000000005, 0.010000000000000005, 0.17]",insertion,25781,962004793,-4.2331931111441765,-5.992189603436236,12.153308491805735,1.0755641218574872,-0.4066402863645505,-0.030626606188019802
"[-0.015, 0.010000000000000005, 0.035, 0.010000000000000005, 0.010000000000000005, 0.17]",insertion,25781,967004793,-4.1871245552334475,-5.868593188701448,11.75471120219154,1.0564402033919085,-0.40341337833960933,-0.0306896060007529
"[-0.015, 0.010000000000000005, 0.035, 0.010000000000000005, 0.010000000000000005, 0.17]",insertion,25781,970004793,-4.171050255588419,-5.827582624476792,11.625444852680552,1.050043600789356,-0.4022354162580094,-0.03070740600154419
"[-0.015, 0.010000000000000005, 0.035, 0.010000000000000005, 0.010000000000000005, 0.17]",insertion,25781,974004793,-4.12487521216024,-5.740006444351907,11.434770938547597,2.4651931239709386,-0.39780919279040605,-0.017182996643758216
"[-0.015, 0.010000000000000005, 0.035, 0.010000000000000005, 0.010000000000000005, 0.17]",insertion,25781,978004793,-4.090970446737779,-5.658524298423769,11.185065575368531,2.452362308448026,-0.39521042250594685,-0.017199616536684347
"[-0.015, 0.010000000000000005, 0.035, 0.010000000000000005, 0.010000000000000005, 0.17]",insertion,25781,982004793,-4.056058810576659,-5.577389927606971,10.940664085079618,2.4395133391992148,-0.3924786708069937,-0.017201290688513882
"[-0.015, 0.010000000000000005, 0.035, 0.010000000000000005, 0.010000000000000005, 0.17]",insertion,25781,986004793,-4.02021846912392,-5.4965963675867275,10.701228411701976,2.426650126062688,-0.38962658129669825,-0.01718656791614346
"[-0.015, 0.010000000000000005, 0.035, 0.010000000000000005, 0.010000000000000005, 0.17]",insertion,25781,990004793,-3.99574262565337,-5.422300246149055,10.408256865568294,0.9857867704551497,-0.3885052522147133,-0.03069268087873301
"[-0.015, 0.010000000000000005, 0.035, 0.010000000000000005, 0.010000000000000005, 0.17]",insertion,25781,994004793,-3.945983167899013,-5.336007327105557,10.236259829489049,2.400892284158992,-0.38359681485920205,-0.017105105454675473
"[-0.015, 0.010000000000000005, 0.035, 0.010000000000000005, 0.010000000000000005, 0.17]",insertion,25781,998004793,-1.2456568355468658,-6.600976915047324,10.56836615334548,-0.3381284901772681,-1.5497296907387423,0.12742448507305712
"[-0.015, 0.010000000000000005, 0.035, 0.010000000000000005, 0.010000000000000005, 0.17]",insertion,25782,2004793,-0.0771031919638252,-5.516871728012939,1.1356059932212794,0.6633042742129953,0.14731313282895708,-0.07701962048276959
"[-0.015, 0.010000000000000005, 0.035, 0.010000000000000005, 0.010000000000000005, 0.17]",insertion,25782,6004793,-7.920995755281817,-4.364074180036004,14.632243381523725,2.5812758810453396,-0.9072123109240627,0.06402423197944604
"[-0.015, 0.010000000000000005, 0.035, 0.010000000000000005, 0.010000000000000005, 0.17]",insertion,25782,10004793,-5.843021879192158,-5.131389099783094,19.554934394426827,2.1792429386416217,-0.6467165222107208,-0.05880315101205055
"[-0.015, 0.010000000000000005, 0.035, 0.010000000000000005, 0.010000000000000005, 0.17]",insertion,25782,14004793,-3.9262794726847563,-5.120310959205595,13.802855019568472,0.8400134676528535,-0.39927247000534927,-0.04072485428009683
"[-0.015, 0.010000000000000005, 0.035, 0.010000000000000005, 0.010000000000000005, 0.17]",insertion,25782,18004793,-3.440382367558655,-5.044305235603938,10.647828021005367,0.8863243762707373,-0.3276165483987933,-0.025054668972928365
"[-0.015, 0.010000000000000005, 0.035, 0.010000000000000005, 0.010000000000000005, 0.17]",insertion,25782,22004793,0.02970910459621595,-6.210307837702546,1.2532164122071094,2.1527273573372425,0.1748069288121884,-0.0630131361928025
"[-0.015, 0.010000000000000005, 0.035, 0.010000000000000005, 0.010000000000000005, 0.17]",insertion,25782,26004793,-1.0421649785323384,-5.890123580998258,4.806698342634711,1.3941678646563322,-1.1341803626661293,0.0019036330148625782
"[-0.015, 0.010000000000000005, 0.035, 0.010000000000000005, 0.010000000000000005, 0.17]",insertion,25782,30004793,-0.5894205928677081,-4.512334054469337,2.0203735241339196,2.0430878192221065,0.11384174115432544,-0.04307046400233201
"[-0.015, 0.010000000000000005, 0.035, 0.010000000000000005, 0.010000000000000005, 0.17]",insertion,25782,34004793,-5.621704601277431,-4.802739114163204,20.301491452924342,2.3448320235228968,-0.644143193180862,-0.037500490322597196
"[-0.015, 0.010000000000000005, 0.035, 0.010000000000000005, 0.010000000000000005, 0.17]",insertion,25782,38004793,-4.592674534282628,-4.857984494154907,16.505925184171964,2.1583737688368,-0.4977464617094488,-0.0478167255437073
"[-0.015, 0.010000000000000005, 0.035, 0.010000000000000005, 0.010000000000000005, 0.17]",insertion,25782,42004793,-3.416758365984993,-4.8049052976819855,12.480493627488233,2.230664684316963,-0.337635173839678,-0.017536178343896827
"[-0.015, 0.010000000000000005, 0.035, 0.010000000000000005, 0.010000000000000005, 0.17]",insertion,25782,46004793,-3.198908895172515,-4.732351459895108,9.553325254631774,0.8432932021714203,-0.30227105186744174,-0.021712144041719113
"[-0.015, 0.010000000000000005, 0.035, 0.010000000000000005, 0.010000000000000005, 0.17]",insertion,25782,50004793,-3.2687135799197935,-4.64115468024834,9.108842610819119,2.2698173501299364,-0.3132104993265822,-0.009674048040404906
"[-0.015, 0.010000000000000005, 0.035, 0.010000000000000005, 0.010000000000000005, 0.17]",insertion,25782,54004793,-3.2947851617725172,-4.57423279257374,8.937445402760483,0.8331602941677094,-0.31973539440247956,-0.02424856960437886
"[-0.015, 0.010000000000000005, 0.035, 0.010000000000000005, 0.010000000000000005, 0.17]",insertion,25782,58004793,-3.239946250148947,-4.493631613386464,8.777793330030356,2.248267912304248,-0.314107176308421,-0.010596483741584624
"[-0.015, 0.010000000000000005, 0.035, 0.010000000000000005, 0.010000000000000005, 0.17]",insertion,25782,62004793,-3.206314309853827,-4.419823803055424,8.555098978566946,2.2362296728538844,-0.3115183961558202,-0.010508484798861104
"[-0.015, 0.010000000000000005, 0.035, 0.010000000000000005, 0.010000000000000005, 0.17]",insertion,25782,66004793,-3.1734037059382554,-4.346248964272563,8.35110181662475,2.2243400232926893,-0.30904089599187967,-0.010447292023984131
